1574
5062
1743
1421
1785
2585
1580
2021
3145
2220
1012
1711
571
663
875
1300
1590
2500
1239
4865
1540
2017
1692
2392
1920
1307
2752
778
3926
1583
1958
1723
601
2117
2456
892
1804
725
954
769
1373
1078
2127
739
1733
1569
659
2254
3630
1880
2707
2395
407
2605
1248
2294
3220
758
2748
897
3981
1257
2863
2054
1461
1241
1129
1249
992
667
3144
2125
1858
2317
2102
3880
1390
3384
1357
1084
1262
1360
1955
1808
1324
2925
740
1339
1720
2746
2683
1606
1670
392
886
2817
2790
1839
2876
2235
1751
1160
2223
2918
711
2104
3730
2443
2254
1791
193
749
2359
1917
883
2672
2157
2666
3200
217
590
1207
1220
2800
2616
2826
1170
925
1788
907
2253
937
1763
1420
1338
2100
2044
1615
813
2832
1843
3616
3549
973
1375
1287
2067
3070
2038
1934
4688
362
2917
2674
1310
2832
2392
1228
2020
3733
1041
1173
1944
3600
2151
5117
2361
2937
2140
1636
2543
1741
1253
1936
2324
2140
4163
1712
2429
1282
1763
2467
438
1465
4138
1709
2216
721
1721
2003
1029
2056
1603
1221
2567
1441
1422
1813
2669
2416
2869
1625
686
4921
2752
842
3087
482
2179
2465
996
1471
1635
1662
2685
3924
2657
2622
2185
1261
1356
6018
2260
2637
2473
1938
1188
1384
1998
2727
1124
2414
3047
1229
1565
886
1447
1515
1582
907
2089
2026
1739
718
1353
1168
2900
1755
2816
3129
3050
1164
1662
1794
1096
2374
7138
1566
1833
2212
764
2927
1209
1605
2275
1468
2997
2064
3049
3418
1962
730
1729
2988
2427
1778
1500
2064
2452
2258
680
1455
1732
704
2381
2118
2048
1523
1679
1396
862
1940
899
1277
2259
1993
2034
934
891
1935
2696
1314
1941
1102
2390
1312
2144
2479
827
1409
2079
797
1611
1803
1264
1065
1484
964
1124
1543
488
1166
2307
1889
2793
2648
817
4896
2118
2501
2034
1307
1889
590
1093
1218
3022
2210
2417
1274
1434
4621
2777
1131
1714
2547
2556
1972
1319
1232
2588
1007
1815
2123
3145
2086
1814
1356
1460
1739
2150
1205
2339
1676
2435
2297
915
1925
1904
438
1024
1638
2524
934
4372
2005
2008
1292
1205
1474
2790
974
3224
1618
2504
2112
950
431
1254
781
1876
769
2242
2514
3077
1717
2319
1707
1632
1143
914
650
2391
807
3048
1618
1586
775
2411
1181
2623
1232
2212
1698
2969
2882
3176
1070
1469
1476
916
2001
1400
2372
1032
448
1974
4224
3899
2165
1468
1181
4310
2945
3020
363
2591
1345
2886
1980
1740
2020
2450
2221
962
811
1043
1440
1430
2568
786
3284
1138
924
1225
2254
589
1064
1247
1176
1023
929
400
859
2196
837
1839
941
1885
2750
2674
1872
1422
1600
3808
3581
1043
708
1009
3080
1686
1978
2154
4216
1778
578
2517
1743
1752
4273
3120
1440
327
1089
977
2294
2904
1108
2032
2726
1616
3967
2081
1524
3804
1373
4105
1022
1919
1495
484
709
1494
2243
1984
1248
567
2718
2369
2055
1320
2400
1559
2616
1715
1783
1323
1710
3436
2597
4185
1758
1754
1968
1337
2646
2756
1079
855
1838
1104
877
3187
1117
1064
603
2186
2495
856
1372
1467
941
2533
1963
1287
1177
3135
1905
1804
4568
1160
1497
1494
1498
1846
645
1043
1739
1816
449
865
749
2590
3180
1612
818
1017
2288
2759
1528
1209
691
1218
1023
1477
1800
1131
1700
729
1347
1620
2206
4255
1219
1347
1973
2188
4920
1447
2069
1102
930
650
2338
1319
1550
2101
1390
1911
1725
718
3129
1679
1934
2447
1989
2108
1810
923
3060
3586
1638
1483
1756
1143
4762
3386
5784
899
1814
2115
1442
1926
1889
1675
2852
1708
1386
1476
1613
1229
1684
1516
2995
331
1967
1506
2217
852
979
637
1466
3297
1272
1670
2796
2855
979
944
898
2664
1371
695
1769
3083
2953
1286
934
682
3125
1871
844
1599
2016
1201
2544
1746
1836
1350
2946
2328
2059
1151
1371
2271
1553
1792
2764
1515
823
3176
2162
439
767
2788
1753
1918
2491
815
1597
371
394
1089
626
2213
2549
1632
3312
2513
2439
2879
2795
1771
945
1158
2332
2659
883
572
1226
2006
3014
1366
966
1340
1294
1126
1827
725
2610
2979
2580
1047
3406
2035
2180
3805
1917
587
1668
1728
1704
1703
1828
1250
2848
1381
3518
2995
2537
801
1746
1756
1123
1684
2009
1052
2084
1981
1667
3713
2113
1899
1004
1440
1593
666
2209
2279
1518
1971
1096
1911
2144
1869
2630
1725
1391
2653
2105
500
2490
1377
1547
1628
2533
637
784
1988
1196
1226
1939
1406
2018
1187
1926
1972
1092
2391
1259
3270
1926
2011
569
1720
2766
2385
1807
1788
2339
1147
1638
1117
2301
3226
1912
1454
2107
3512
915
1341
1939
2046
1852
2399
1843
3249
2394
536
2150
1794
4650
3287
1830
2444
1407
4309
2456
888
972
2217
1830
271
734
3291
1421
1268
1846
1325
761
1438
2014
2162
1695
2864
797
2118
1326
1830
1448
590
2502
1692
2433
1555
2077
1381
847
1146
2272
2405
2570
681
1424
1656
1717
1814
3141
938
2185
1861
1325
1264
1083
1777
2713
1653
1063
1227
908
3294
611
2369
1086
1587
2232
1612
2105
1717
1220
2974
1683
130
958
209
2747
3024
3364
2036
590
1663
2296
1906
1720
2923
904
2620
2255
1547
6180
3186
1361
1425
3722
1199
4034
2185
2559
1386
2129
2602
2300
1915
790
1707
1335
2048
2198
974
1503
1071
1522
1694
835
1080
1566
1045
891
1617
1822
1793
1179
467
1778
4322
2191
658
1038
1279
3034
2611
2211
2367
1636
2060
2586
2205
1021
2528
1876
1730
1651
775
2073
1453
1277
1896
3093
787
1909
3973
774
2222
2167
2660
1234
1551
1908
1023
2054
1066
1559
1785
1894
2675
1722
2918
2703
1888
1574
1723
1449
1743
1032
2381
1075
1464
2044
2151
1182
3169
1973
685
3920
1286
1712
778
2200
2027
1189
2688
1458
1326
2531
1218
4958
3640
1268
2436
3164
2339
951
2761
3106
1353
1651
1395
3789
1932
1319
2001
1040
4618
6805
1413
2005
1295
1828
2753
1244
1245
1985
2388
1565
875
2238
2251
2254
2623
3283
1702
1382
669
1449
468
4957
1183
3137
2444
1308
1836
798
2757
1674
1495
1218
1173
1242
2497
2858
2783
1430
3107
1686
1362
4893
1154
3343
1724
1511
1102
6497
2364
535
918
1253
2632
1547
781
1475
2931
1383
1875
1269
3503
541
2196
3454
906
2015
2032
2246
1809
1045
1224
1570
2888
2091
3342
4981
1590
1412
2462
1506
1509
2256
928
2700
2210
1625
880
1990
1156
1155
1428
1600
1037
1967
1578
3357
3652
1464
1288
1101
1534
1904
1394
2076
2376
1304
2457
3574
1460
6992
2278
2213
896
2281
1257
1890
1985
1172
2173
1459
1212
602
1966
1269
1232
788
1955
1953
1012
1528
1219
3067
1820
1482
2504
1724
609
1495
1657
1981
1290
1216
4217
915
1808
1863
3013
2780
591
1442
788
2172
730
2659
1360
672
920
1913
847
1674
564
1884
900
1475
1619
5426
1124
2282
1753
1608
2614
4316
3342
1872
1063
3850
2333
3776
3014
940
1736
686
603
3472
1339
2114
998
2387
1959
1326
1916
969
2699
654
2604
3920
2452
1740
1991
1915
1492
2168
2466
1375
4621
1994
2953
2005
1998
1331
3116
1656
1793
2338
1838
1715
469
1588
2931
1951
1196
806
3040
908
1621
1421
2453
3226
1121
1542
1293
815
3941
1188
2258
1375
2977
1263
953
2481
1837
1355
1995
3235
1847
1557
1228
1098
3157
2072
762
873
2669
1456
1723
3134
765
4723
1706
3438
1392
2243
1743
1792
709
1830
2199
2334
2522
3147
2167
708
1316
816
2061
1402
1915
2631
2332
1084
377
2067
2819
916
1758
1810
1300
1264
2070
2318
1469
1307
3049
2077
726
1369
2512
1283
1824
360
2208
1625
2143
1042
2243
1479
1581
1718
2704
729
2042
995
1409
1444
2319
1135
1227
1625
2538
4520
1223
1939
1745
510
1520
969
2458
1521
3127
1296
2201
1720
728
2555
2081
1563
2219
1408
1623
719
1169
3270
3078
939
1940
2475
1220
1405
2893
2543
2353
2327
2950
1316
1311
2608
4279
1750
2127
1219
712
1189
1620
2136
1734
1158
510
1809
2822
581
1108
3023
1701
1128
1974
1096
2716
2341
993
1630
903
3200
1789
2466
1829
1426
1100
1373
1612
2788
3520
2103
1149
1801
3337
1981
3722
3044
768
2291
933
2522
2447
1905
1681
1352
2026
1585
1486
1041
2177
2095
2231
3543
1789
1533
1966
656
1912
1563
1387
912
1792
3792
3431
1777
963
2139
1027
3158
1720
3680
2426
2102
592
2822
1116
1945
2446
1578
1895
1543
691
2517
2767
1195
1120
2818
2067
783
2601
957
1368
1518
1217
3009
3455
5312
662
7105
1633
2518
1597
1283
3283
2101
976
3463
2881
2363
767
4459
1990
2277
1758
909
262
1757
1215
4204
2627
1588
1225
1326
1907
1973
2715
1390
1562
4603
4209
1960
2830
1577
2861
2491
1701
433
801
954
2402
2734
1023
3255
1365
1679
918
3830
5239
1323
2660
1146
1384
1357
4645
2195
1255
2856
1916
1561
3460
2515
3915
2877
1568
578
1681
1364
1806
1291
3138
1150
2342
959
1479
2357
3294
1482
1746
1219
1650
1735
747
4953
3237
3034
596
1173
1727
1785
2843
2846
1165
1571
2889
1400
1707
2059
1823
1538
1385
5806
790
1675
3116
1986
1009
1840
2376
2278
2138
1365
2533
1581
2124
1456
958
3008
2136
2167
3870
3109
2046
1946
2743
995
1581
2193
3076
2527
1649
3193
1724
995
2683
2590
2183
2559
1378
384
2551
764
3199
1263
870
3253
2033
2720
1707
2072
1052
2065
1444
1021
965
3813
3265
2868
1482
666
4997
3031
1258
1126
1798
3024
815
2982
1979
2981
1795
1367
1399
1377
1571
1394
1435
1079
1114
2242
1359
2293
1044
1341
3678
961
2381
2931
618
902
1554
1175
958
1249
3078
2293
1596
2336
1082
2681
1637
3819
3542
1373
1976
2997
759
1318
2280
1337
679
939
520
2519
1656
1853
2361
1101
3173
1473
1238
2175
1806
1332
1632
653
2154
2109
698
2551
1405
3244
1224
1616
1678
1201
2836
1416
1499
2112
1829
1665
775
2815
1718
1397
1678
1787
4144
1688
2769
1675
2137
1290
2681
932
1909
2437
2385
3260
1409
1589
1140
2849
2776
1909
2622
1988
2443
1180
872
1515
1619
2794
1730
2086
1872
2329
2428
1431
833
2661
3544
4299
4670
2088
1611
2214
1576
3780
6545
1776
2286
1856
2741
5062
3089
1672
1118
3177
1361
1336
3069
4125
2300
1155
3480
2866
521
2421
1163
1183
1107
2641
2449
1099
2218
1841
1631
1442
1801
2587
2168
2316
1551
801
6078
4254
3166
1332
2798
2538
2381
2508
3658
695
480
1211
2137
887
2044
2246
1772
1499
3304
2056
1646
2038
2543
4571
3008
2539
2330
8496
576
1650
938
1391
1588
1921
777
3688
2823
539
1899
1449
1756
1004
1742
1255
1121
1742
1305
4037
2048
2259
1826
2343
3383
1484
2633
780
3777
1389
766
1962
1754
2177
1554
2421
1526
1707
3559
1339
1449
6079
1355
1474
2916
1185
1144
2607
420
2568
1927
1021
2111
1804
1419
2864
2104
1635
804
3613
1186
2316
2089
617
1884
675
3813
1606
2779
2021
988
523
2320
2672
1408
1583
1598
2018
1274
4474
1362
2396
1128
2763
1583
2416
2133
1015
1193
1644
2249
3135
2055
1565
2061
1262
5249
210
6310
2655
572
2562
2275
1879
439
2263
1441
2369
821
3180
2056
2812
1882
2583
2178
2147
2897
1219
1182
1862
1293
4830
1960
553
4027
1078
1869
2763
1059
2741
1437
3244
1702
3367
472
1557
5083
1932
2714
1474
3649
2232
928
2865
3494
2465
2191
1486
2784
1862
1372
2051
1927
2061
2635
3839
1953
2769
1745
2199
1716
2021
2968
1533
1372
1559
1751
789
2557
3728
4398
2230
2628
3339
1657
1262
1597
1564
1926
2904
1331
2160
733
801
1725
2385
975
2215
2828
2167
2313
1948
3729
610
3288
1792
952
2328
1806
1039
2026
3819
3009
1137
3009
2357
3033
1299
2214
1325
1806
1253
2538
1530
1196
228
2133
1851
2492
1351
1796
2191
576
2856
1544
1917
2670
530
1971
3069
629
3417
3153
2217
1215
1495
2067
1661
1631
819
1784
1598
2448
996
2036
1043
1519
1363
3520
1921
1722
4417
3789
1285
1012
792
910
990
1816
1268
2331
831
1961
3203
1255
3419
912
2588
2880
431
1395
3514
1216
1135
2661
674
1422
1849
1409
1108
1904
636
425
2581
2351
952
2306
1212
2472
2811
2973
1434
1569
2938
629
2193
1132
1204
1593
3068
990
1543
1410
1689
2161
1397
2134
1476
714
571
3893
1242
2436
1747
983
1815
2613
1893
4185
1351
2014
1555
1546
680
3179
1388
750
1536
664
2400
2454
4586
3384
1357
2024
1516
560
2695
1216
1334
1673
3869
1845
2154
1425
3165
1179
4830
2871
1130
1935
2141
1108
1292
2209
1704
1911
3595
3533
235
1092
4121
2296
1468
2037
714
6872
1808
1089
1803
1410
863
1119
1696
2770
1333
2732
1836
4053
2720
1690
851
1102
1954
2366
1666
2366
493
2528
2445
1872
1752
1613
1447
3647
1648
1797
1866
1565
2447
4240
1631
4548
1758
1944
2444
2226
2107
869
1256
1806
1843
1966
2847
1022
2714
2709
2916
1203
2553
2761
1972
1547
2106
2421
3230
1983
2153
1258
1365
1311
590
2395
1343
1646
1178
1096
2219
1553
2270
3541
2285
2997
3776
468
1041
1629
1899
1782
1557
1423
3209
2483
2634
1105
3120
1253
1403
1857
2050
1038
1786
1628
4575
1305
680
2076
1688
4104
1681
2218
1203
1403
843
946
1062
1592
911
1675
3190
3324
1636
1501
1916
1589
1982
1457
1509
1840
1809
764
639
2194
913
1956
363
4317
2018
2994
1629
1075
958
2059
2840
502
1524
2006
1853
2505
2164
2138
2049
1373
1226
1093
2778
2395
1615
1450
1797
1406
698
3206
2398
1215
1299
665
1741
2251
1554
2974
1447
1595
1168
743
1634
655
1467
2529
1372
3305
1174
1234
1069
2714
2927
1313
3975
1722
1909
3022
2345
2035
1372
264
1811
1115
3412
1562
2046
2799
1921
2396
3393
1964
1887
2522
1436
2483
1271
1431
2327
1685
1238
991
2763
1526
3558
1110
663
1050
1255
1730
436
1937
990
1325
860
3045
1463
2080
6985
763
1466
1440
876
1100
2383
480
1761
2581
2245
1701
1171
1550
1856
1788
1370
2500
1884
2236
1450
1740
1093
2782
1486
1276
1300
2303
1839
2596
2879
2348
3700
1259
1677
1414
1250
680
2489
1047
1060
2197
1909
1243
2528
1140
1896
1859
1290
1545
1395
976
1450
1056
2675
2078
561
1341
1019
1483
2087
659
1440
2777
1852
3049
1730
1493
1786
1869
1017
1319
2016
1460
1546
1189
2371
2446
1927
1754
1009
819
1935
2346
4254
1726
1522
1293
1800
1602
1449
2968
1416
2709
2077
1999
836
3973
1037
4304
3919
2598
1452
2630
1571
1579
1864
2340
1568
1101
2024
821
1586
2269
2227
4412
1894
1751
3004
810
681
1668
974
652
1516
2846
1415
2300
1615
1748
1662
3064
953
1912
1790
1417
1377
1849
1278
2085
2860
1240
2573
644
2359
1675
1011
2062
2508
3469
1640
654
2897
1282
493
1880
1994
1514
1072
484
2086
1602
1626
8804
1679
1102
1368
1356
1209
1832
1853
1400
1617
2303
1333
3197
1505
1818
781
1947
1542
1337
3488
2115
1102
538
2797
2158
2223
1683
2516
2761
2816
2362
1046
1679
1569
1328
3490
2710
2986
2624
2191
3138
1103
1927
1668
3975
2166
1371
323
1101
1639
3168
1015
870
754
774
1351
600
3139
1283
1216
2086
2683
614
1465
1955
2209
1815
4022
1958
1402
1370
1039
1157
1541
2562
3084
1089
1884
1143
2006
1125
1742
3484
2541
1869
1377
1912
1548
1527
1106
3765
1301
2662
2258
1921
2641
3135
2644
1306
1665
2001
1874
1262
2410
4891
2770
1527
2005
1613
1745
2201
2011
725
3742
1788
867
1681
1930
973
4636
1921
1041
1943
994
1785
961
1555
1629
2928
2075
1300
1772
2165
3898
2064
2059
2923
636
3737
4738
2053
3696
2270
2949
2622
1159
806
1180
630
1295
1169
1830
2122
1379
1312
537
903
929
1601
2321
3583
1766
2634
1453
993
1689
4641
1267
1451
6254
1433
3234
1642
1651
2249
2787
1549
1863
3757
1301
2756
1966
2615
3456
2755
1920
1894
2056
1703
1652
2266
1773
2004
3477
1314
1334
1257
1537
1182
2087
1188
2483
1133
524
1354
3463
604
3524
1869
1714
2942
2657
758
3349
2335
3406
781
1584
1207
1310
3610
1778
1929
1652
4431
3175
1874
1827
1787
3703
1564
1530
587
3256
1654
3561
1707
2083
2960
3438
1865
2989
907
1478
1977
2615
1368
4593
2478
1035
1263
558
2879
1781
1786
1923
2345
1357
2069
1980
2352
895
1555
2234
1368
2552
2544
1529
1703
1649
1220
392
2970
1515
1603
1041
1142
1766
1357
2636
990
981
3574
2904
2850
1487
2179
2492
1887
1139
1174
2743
1829
2676
2328
3183
879
1650
1218
1801
2191
1637
1821
940
2089
1359
3428
839
3356
1030
1531
2195
2550
3985
201
2500
1331
3243
2046
3690
2545
2496
1659
2808
1497
2317
1146
2120
1163
1144
1137
2581
1882
3401
2032
1062
3058
2668
874
2344
1441
2180
1852
1021
1916
416
3492
2356
1585
657
568
2290
1357
1433
592
1909
981
1460
1410
2778
930
1074
2835
1672
755
2990
908
2050
1210
778
2215
1796
2510
2362
1617
590
1953
601
704
1566
2406
1441
4303
3723
2214
1640
3103
2547
6559
483
1326
2708
1622
1683
2487
3234
3007
3107
1960
1464
1914
2506
1126
1668
1852
980
2293
687
2117
3495
2645
2118
2083
2089
1548
1658
2670
1855
2339
3323
2595
2100
1008
1877
1736
1189
1593
3123
1964
4264
440
1444
2424
1784
2055
3115
2412
2404
2525
638
699
2497
1782
2680
2441
1821
999
828
2877
1134
1703
2681
3910
2052
1596
1929
1211
1663
2469
3135
1007
1586
1134
1919
2690
3875
1087
3176
2449
1818
2108
3777
922
2830
2314
530
1304
1212
1321
1404
818
5259
1526
2951
2104
1734
3592
1316
4121
1289
586
1632
2817
4172
2946
679
1549
1696
2711
2708
5663
3806
1201
1217
1816
3125
2576
1638
2378
1496
1585
1331
3014
4016
1902
2251
1640
1587
2346
1956
2350
4281
402
645
947
831
2318
3488
494
1679
1224
770
1419
2345
2469
1933
1050
1943
1124
1792
1495
1057
2111
2812
1105
1314
1705
2522
884
1999
1197
6713
954
1942
2171
3526
1962
3122
2536
1358
1329
3508
1455
2094
2926
3321
2670
817
1201
1700
1234
2655
1512
2630
1182
3276
1237
371
3509
1852
3645
849
737
1398
1968
1907
2775
1642
990
1659
1475
2981
5345
4192
3214
2808
902
1164
704
1260
1833
2670
2098
1234
2634
3351
923
1680
1890
2924
2767
1520
1529
3321
2095
1730
3717
1166
2531
1690
1402
1943
2608
2820
2293
2784
1479
967
2426
2392
2891
1572
1747
2131
2570
2140
538
1171
1441
1749
3998
1052
2542
2153
720
4876
1665
2410
1407
2500
2183
1625
2426
1349
4513
796
1893
4345
2886
2007
2300
2011
1353
1498
1105
1050
2478
2089
3117
2826
1273
1530
2661
4163
1602
2202
2863
4150
3274
3187
932
2262
3218
1425
1845
1030
1418
2683
3484
2783
3505
3079
1300
2040
1223
919
2500
832
1773
1630
1624
1734
1499
2343
826
1038
2894
927
1634
2705
2791
1162
2585
2249
2245
2092
1467
2455
1137
944
1437
1731
2320
2800
2883
2528
1218
929
2363
598
3134
941
825
1517
3499
885
2810
1778
1670
1437
3540
990
1694
514
2089
750
2951
1795
1864
7370
3154
2373
1314
2523
1624
1183
2937
2554
1290
2687
1230
1867
1316
1501
1636
2848
2336
1324
514
2511
1268
2800
2693
1019
1550
2502
2698
882
1257
7726
1489
1655
5421
1410
849
2547
2431
1689
2431
1154
706
1263
1959
2510
1485
1157
1573
2735
1232
1291
1029
2821
2395
3870
3055
569
1297
1238
2524
687
1021
1248
1935
1935
889
1563
1925
1419
1558
2240
2063
1648
1580
1759
1245
1597
1741
1038
1846
1552
834
731
1471
1633
2111
1080
2479
3418
1856
1061
2562
1833
3569
3543
1460
445
2227
1888
1793
2006
4701
2781
2262
1646
751
626
747
808
2901
1692
3009
4056
2552
2224
1424
2626
1572
2155
2364
2291
1905
2139
927
2759
1127
2303
2013
1964
1831
2005
1252
2719
1168
3849
1786
1099
1668
1664
2457
981
1910
1560
3477
2605
591
1899
2643
2004
1831
2262
2177
1672
6036
845
3396
2265
2315
1350
2160
3784
1461
1837
1854
3020
1985
1285
1481
2387
1347
1916
1674
1997
1968
1685
823
1551
1864
1256
1642
1508
2402
2452
1183
1777
2179
953
1019
1069
1385
1508
2783
1428
3212
2319
1506
1977
1305
1402
1108
2468
2004
2403
1340
2112
1125
2251
3483
1296
2566
697
1116
1921
2563
1968
1640
1688
1587
1159
1474
1725
1782
2442
983
2236
704
572
3497
3053
1602
2071
502
1854
2168
1745
2895
2031
2370
2553
959
3950
2489
2158
1997
1618
1546
1494
1733
1831
3848
2591
1478
2142
4018
624
2119
2020
1392
2417
1981
2057
1998
1315
2407
1058
1924
440
2003
1180
1513
2560
1042
2282
2049
2281
1973
1928
2077
2063
478
1571
1378
1339
1528
1454
542
2017
2686
2008
3097
3222
1782
983
4002
1305
3972
1272
857
1192
1032
1993
1261
1577
3289
1242
3403
477
992
2651
2087
1418
1696
2398
514
1963
733
1201
2593
1689
3162
2875
791
2384
2515
1706
1329
5270
1498
1774
2152
1500
918
967
2382
1269
1945
763
2037
2081
2426
1973
800
1751
1677
1836
1418
1364
714
2618
2667
1159
1013
1693
1898
710
2822
1021
949
1539
1160
2265
1793
6536
1970
2852
469
2483
4045
1774
1606
1778
4623
1110
2182
1841
2076
1639
2727
1228
3128
1794
1544
3331
1438
1634
1273
1528
1844
1311
6027
3753
4478
1160
3357
1344
1032
5208
2006
2740
2997
2393
2706
1814
1223
2884
2321
1867
909
707
1509
1282
1865
1675
1625
2271
2298
2200
1693
1816
1164
1654
1923
1491
1801
1545
2072
2239
1044
3008
858
2431
967
784
4520
1822
1311
738
3159
1580
489
2573
2055
1175
1890
1267
958
1587
2519
1549
1647
2263
2197
1570
2602
1771
1214
2807
654
1416
727
976
2006
1249
1385
1846
5611
991
2862
2738
2517
2403
3118
2708
1691
2267
3924
3292
4008
1674
1261
2041
703
4119
3686
693
1117
1455
1822
1553
2525
1899
1255
1780
1782
1262
2335
1358
2487
3099
2250
3990
4513
2518
773
6267
3282
2418
2501
1330
2401
1141
2739
1386
3348
2546
4016
2858
782
1026
1155
1194
1332
974
1726
1755
2243
2882
1290
2472
1834
1473
1178
3427
619
2103
2571
2239
2823
468
2493
478
1821
2338
1888
1649
4363
1520
2424
2285
2745
842
1767
1600
1653
1737
2007
2412
1677
2136
882
3403
3632
1496
676
2292
1922
3315
1386
2272
1825
1470
2040
1986
1038
2208
2204
2653
2400
877
4482
1745
1404
1831
2444
1975
2243
940
887
1060
1568
1233
3800
1577
1855
971
1761
1747
2399
1054
199
1781
767
2049
1457
1742
3627
2708
1224
1747
1993
1491
1548
926
2461
1665
2040
1477
3298
1911
2886
1396
1789
1144
1516
627
3473
1844
1335
888
1308
1962
3282
2932
1285
630
3025
2894
1145
1369
1065
3574
1671
1806
4785
1286
2289
998
2199
560
3220
1250
1210
641
1601
1623
1546
1294
1393
1546
3598
1914
2830
746
1165
2258
1427
3617
400
3224
1583
1714
1722
965
2095
2738
3285
1736
1825
1475
1582
1402
2067
2498
1257
1295
1465
2120
1484
2693
3074
2256
2153
2238
1163
790
843
720
1688
979
773
1745
945
2280
1417
1405
1595
1913
2124
1400
3149
1786
3873
1950
1392
1999
1432
2103
3277
2242
1265
1539
1943
2280
3017
1198
444
1190
1888
2920
5219
2791
3769
1287
2070
1049
2727
1245
1932
2051
2454
1079
1305
482
1831
1138
1946
1363
1344
1634
1421
2186
2193
992
1845
406
1243
2057
3359
1633
1949
2921
1488
2042
902
1316
1554
4031
1682
1045
2560
1553
1857
2405
1035
1760
1404
2606
3688
1195
1325
3506
2499
4673
1328
1763
1610
2573
983
2445
1931
2097
1969
2295
1281
3126
665
2282
2386
2367
2148
825
799
2708
1305
4032
534
3090
1471
6320
1620
2373
2237
3130
2281
1393
1204
1241
966
1271
983
2063
1995
1459
4106
1953
3724
1644
2018
1287
993
1693
763
1464
1054
1822
1023
1512
759
3193
1598
1968
1406
2854
2596
1639
1302
1182
1893
3645
2181
1734
1620
1363
700
1808
1858
1402
1360
2036
1184
4454
2761
1684
1585
2277
1355
1798
4125
3071
1688
2273
1675
2121
1279
4034
2350
1174
2399
2576
1327
887
533
619
1148
3691
652
1472
976
1260
3058
1639
900
797
1694
495
1751
1417
2001
1865
1471
2147
2185
2549
901
694
1682
1817
2633
2063
1563
1606
1499
333
594
1354
2736
2694
2706
1093
802
1717
1758
2632
1664
2497
2123
1357
2706
3638
518
1759
1244
2532
2657
1491
1385
1890
3108
171
1526
1891
3082
1915
740
1427
2026
1280
3959
1845
2655
1683
1097
2414
1606
2157
826
758
1095
546
2474
2171
1566
1392
1561
817
1790
1264
3258
2052
2116
2250
826
685
1905
1013
1071
1049
804
1520
1373
3587
900
3266
5357
1530
1082
1218
1047
1657
2486
2730
2469
3925
1056
1209
2230
2267
3577
2929
590
678
2944
1111
1323
2180
2523
1742
2204
1041
1918
1028
795
2768
2734
1922
2560
1676
1601
791
3709
1136
1672
3254
2668
1763
2144
1354
1837
1395
3557
1950
4222
1674
3024
2686
2162
1044
3351
1106
1873
1667
1122
2954
1264
3019
2458
1774
2230
1141
3585
998
2814
686
2639
1571
1235
1812
2039
1594
819
2181
2432
4687
2475
2877
