239.59
423.78
224.39
178.2
189.59
300.16
226.32
216.59
227.63
299.48
145.46
211.42
94.6
87.44
149.99
149.68
272.17
378.87
155.1
599.07
173.78
239.04
256.17
304.46
313.24
184.82
350.41
102.95
424.28
162.93
189.02
325.39
77.84
276.47
353.03
147.39
179.48
85.75
101.75
112.79
187.08
104.96
264.7
72.26
311.27
181.15
79.11
206.69
572.76
167.35
334.89
413.71
76.71
354.76
139.42
222.8
264.8
44.22
317.59
123.76
451.62
163.01
325.84
258.4
156.27
206.99
186.86
124.96
168.56
72.23
353.76
271.07
247.18
243.35
254.32
450.49
210.86
225.84
190.08
121.04
164.17
166.45
196.82
206.4
193.31
341.63
84.1
83.62
160.94
287.87
356.11
168.95
275.42
66.2
119.12
214.94
312.72
224.86
306.95
222.59
213.25
188.42
255.54
90.28
80.96
326.18
495.82
311.85
300.84
305.48
12.29
38.09
277.7
219.85
86.9
329.05
326.7
415.58
354.76
43.44
59.61
157.14
179.46
336.49
401.19
245.61
151.03
137.57
250.78
166.26
291.23
150.29
201.05
165.77
149.75
265.42
133.16
189.17
128.59
390.04
218.67
307.48
333.84
111.73
261.49
187.07
232.37
454.31
288.92
173.74
601.97
42.52
263.93
325.7
149.25
321.22
317.07
170.62
130.31
416.69
122.39
132.75
271.48
554.6
257.82
262.95
244.18
429.21
275.87
199.81
373.62
226.28
153.82
230.5
261.32
264.24
546.25
264.28
210.16
170.05
280.35
337.58
70.63
177.33
429.29
208.19
318.67
89.47
233.87
325.09
152.22
398.96
194.82
145.56
369.25
224.38
184.3
210.64
355.47
273.99
469.46
243.67
85.06
533.62
299.22
110.79
224.24
71.91
280.92
389.83
116.85
149.62
269.85
240.51
275.7
480.38
308.01
337.78
308.21
197.26
167.9
708.1
246.99
219.31
228.96
261.73
164.85
176.34
211.54
211.8
190.88
228.15
433.9
137.6
219.57
102.51
70.53
233.45
184.5
109.31
233.66
283.74
194.5
105.14
185.43
94.8
328.73
199.38
259.88
425.74
474.1
113.09
191.55
210.92
157.63
322.14
783.68
230.7
244.67
386.69
137.96
273.95
148.57
200.37
387.96
227.57
307.14
253.52
221.76
325.5
161.35
109.37
191.1
310.84
384.96
201.07
149.93
294.41
236.04
271.9
76.7
278.43
122.26
95.15
206.94
269.14
282.81
251.75
220.18
193.01
128.14
273.27
103.29
77.81
223.65
203.96
297.38
120.48
120.96
245.01
393.24
162.74
395.91
155.81
293.79
180.52
233.1
292.8
76.8
176.01
236.45
137.02
205.93
214.8
210.17
148.65
285.79
180.47
159.15
224.85
48.46
146.47
272.63
202.72
331.86
345.38
129.33
851.52
277.82
276.27
288.61
219.17
265.02
102.11
153.86
136.55
555.44
365.04
240.49
181.29
267.73
453.44
382.33
135.32
227.87
295.68
350.91
343.3
252.81
169.93
403.75
135.24
279.08
260.62
379.16
196.69
300.73
191.99
228.02
212.39
150.66
132.22
304.65
150.66
329.98
254.7
148.23
233.98
218.37
56.11
140.94
196.23
354.42
129.26
371.02
242.93
238.99
173.77
160.72
185.43
376.88
97.18
635.02
130.22
318.66
310.46
68.17
21.79
187.6
116.5
221.75
97.87
313.46
274.24
422.9
193.8
292.08
249.37
240.45
104.25
112.48
105.81
279.75
98.94
445.27
156.96
238.17
76.36
259.33
130.3
279.03
174.27
280.37
292.35
373.25
360.24
505.56
175.8
212.55
216.46
137.63
251.24
170.52
277.81
135.3
49.02
238.74
465.59
453.21
253.66
137.32
128.22
699.41
296.55
347.1
48
345.3
214.61
352.45
286.62
252.95
212.68
270.44
308.77
163.71
79.43
178.39
108.3
212.53
360.96
107.62
262.39
149
112.46
95.83
317.59
85.19
132.02
227.29
110.46
186.04
202.13
44.8
109.48
334.58
103.15
183.3
110.58
196.13
343.4
287.02
218.73
179.8
180.49
560.02
443.6
149.62
59.89
148.46
376.5
116.81
275.02
200.13
422.5
197.14
96.07
308.42
132.79
233.05
555.58
416.92
167.73
36.69
127.4
112.36
189.54
460.21
120.36
222.8
283.45
223.72
533.18
265.29
140.74
446.45
217.51
537.15
151.46
246.8
185.11
70.55
119.62
214.04
319.39
258.4
154.9
98.25
366.42
365
280.26
140.75
317.83
232.15
401.03
183.2
235.18
168.35
256.64
468.32
286.69
516.85
173.46
138.35
254.31
159.57
195.09
204.97
80.46
121.83
156.01
141.32
72.11
406.27
168.3
142.46
74.24
300.35
169.57
126.62
151.42
211.03
113.3
278.09
217.58
187.25
128.93
424.33
252.4
246.93
771.39
196.81
186.9
222.67
147.05
230.09
84.83
137.72
209.8
185.26
41.13
87.77
125.28
284.82
431.04
198.84
92.59
165.59
334.37
410.97
148.25
164.11
89.68
153.78
126.63
221.63
205.02
141.13
233.19
88.03
118.32
173.89
117.21
405.13
159.92
99.9
228
322.47
425.6
180.43
187.45
138.32
145.87
73.61
364.75
165.79
193.61
270.19
178.81
305.17
245.62
54.34
404.7
200.23
207.79
265.81
241.28
369.99
173.66
116.18
438.01
716.25
196.18
209.94
239.16
150.62
611.45
402.57
582.04
106.21
219.69
212.47
164.62
276.42
293.33
131.7
388.58
231.76
197.23
172.24
185.31
161.95
166.36
84.02
394.46
69.8
194.19
205.54
246.94
101.81
97.36
90.34
187.75
417.45
113.35
235.05
292.85
385.99
190.52
156.15
137.68
360.24
202.77
89.88
300.59
208.1
385.97
160.85
129.36
89.21
530.6
181.71
138.93
187.48
226.25
209.61
296.32
262.15
237.59
174.88
336.61
274.16
247.15
104.88
163.71
265.15
197.47
234.85
349.15
222.86
106.88
341.4
263.55
49.71
115.34
430.54
285.68
139.13
472.94
98.82
224.94
43.03
52.07
136.57
107.36
279.49
301.86
234.03
459.38
337.86
296.79
265.69
315.44
177.67
108.36
124.91
255.19
341.78
175.84
77.13
164.51
327.38
433.21
222.1
111.08
182.65
191.28
136.56
267.63
53.99
407.29
393.4
258.77
167.21
357.9
213.26
181.7
402.49
209.16
91.69
253.84
179.95
235.59
192.46
242.25
129.91
353.43
212.76
371.41
390.57
328.67
79.29
165.95
196.95
171.87
172.88
274.45
147.58
282.43
237.89
283.32
592.1
225.6
188.35
148.85
233.72
220.69
94.06
200.33
252.3
175.32
249.01
163.89
291.98
333.33
254.05
269.26
192.94
212.93
385.61
176.3
80.89
232.66
205.81
91.82
166.82
275.15
112.77
75.51
295.1
174.37
213.33
339.66
129.35
271.97
150.95
201.72
271.51
154.95
176.06
225.11
450.76
218.25
301.21
74.86
201.15
183.5
204.32
184.88
281.83
344.27
163.77
267.22
175.8
224.29
441.49
237.78
169.65
258.73
446.98
86.49
152.46
249.49
187.97
225.57
336.18
227.73
342.56
262.9
72.02
195.82
254.35
548.62
351.83
273.73
341.87
222.19
696.84
281.33
104.32
110.29
252.32
230.55
24.37
137.82
353.88
90.1
119.69
253.99
167.87
118.31
200.54
304.49
245.46
196.22
383.09
85.25
239.47
172.61
220.24
220.53
59.83
248.83
213.1
331.83
233.63
165.21
147.2
138.77
168.16
237.18
212.55
259.44
56.88
154.13
186.68
281.16
295.82
331.63
126.65
410.1
204.06
130.26
151.1
146.11
280.96
313.29
175.88
148.5
128.6
119.33
455.99
92.1
338.9
122.56
255.09
240.97
146.05
167.6
255.47
202.32
340.78
284.24
33.62
168.74
32.05
241.85
339.99
364.47
250.55
89.67
251.8
288.59
230.9
200.85
187.11
102.24
259.71
264.99
216.38
857.46
436.58
167.82
172.68
466.99
168.04
469.28
225.2
258.45
216.29
244.13
303.54
361.46
18.74
90.01
227.34
188.87
233.12
401.86
147.2
189.18
94.25
197.83
213.61
129.79
134.83
181.92
181.34
112.09
180.69
224.24
204.18
157.92
51.92
146.26
374.21
218.7
87.5
172.89
157.12
297.34
252.24
284.59
264.57
200.38
315.66
300.71
270.41
136.09
337.37
252.02
271.34
208.87
110.45
309.63
224.57
173.25
205.28
339.34
96.98
229.67
477.2
86.99
228.59
288.27
175.68
189.69
240.64
212.27
94.28
172.27
107.23
166.48
203.68
294.83
437.24
190.96
298.13
307.85
344.57
184.35
257.07
185.49
254.34
161.16
259.67
175.84
114.73
262.95
275.16
183.67
437.72
201.48
107.18
229.41
177.27
150.96
154.99
251.53
290.08
136.01
225.15
226.31
169.39
309.08
256.69
640.64
320.51
149.94
386.35
323.03
285.45
143.9
351.89
501.58
213.26
217.52
165.35
465.51
240.2
156.05
300.18
136.22
573.54
932.01
154.9
230.4
176.55
194.02
335.99
166.64
174.78
300.4
181.78
183.18
108.07
285.79
287.12
340.17
326.21
379.7
224.99
152.54
85.36
219.05
52.38
776.61
189.58
465.81
298.84
45.28
147.74
121.06
410.98
175.91
132.52
167.12
184.95
159.72
287.88
286.72
453.9
229.68
663.38
239.35
172.2
479.49
158.63
610.97
239.28
256.15
159.6
825.14
245.07
63.71
98.55
174.29
193.83
183.15
105.98
229.03
332.36
190.19
223.74
151.5
486.2
81.34
284.72
378.63
106.37
232.52
284
247.88
169.1
124.81
166.9
142.34
361.98
295.54
245.62
588.61
243.73
187.09
352.95
222.5
253.98
203.41
152.39
337.47
350.08
187.57
120.7
241.77
170.73
166.87
139.9
178.36
139.93
261.82
124.54
415.18
445.71
265.23
186.77
143.85
228.44
259.64
134.9
295.29
295.85
197.25
192.45
548.65
212.54
1104.43
307.97
318.58
177.1
336.16
156.07
127.14
143.07
167.49
232.21
198.18
179.64
65.89
356.03
184.94
152.1
80.91
210.16
206
156.82
158.14
133.03
388.72
253.76
213.67
353.61
213.75
89.65
234.39
192.2
208.84
177.34
179.9
484.15
107.97
173.67
204.8
251.87
314.13
67.3
200.73
89.71
284.78
124.07
217.31
183.57
91.61
48.26
145.45
113.79
198.68
75.2
270.67
101.09
230.69
44.18
398.67
165.39
337.52
259.36
219.36
228.97
344.92
440.83
149.55
145.16
391.21
196.44
494.35
255.19
83.13
98.95
73.91
86.74
421.19
179.1
215.75
174.29
344.89
216.52
204.53
228.74
160.09
376.16
76.29
265.92
364.77
290.64
239.67
300.73
236.06
163.23
285.71
395.56
127.98
715.69
293.79
472.38
223.33
259.63
127.17
433.32
259.67
185.26
237.38
242.36
175.3
24.36
266.31
356.46
238.02
161.13
96.47
275.73
136.53
228.2
225.12
291.96
348.36
120.11
266.04
147.06
126.2
464.12
140.79
347.6
138.46
371.7
205.83
161.56
255.44
211.49
219.21
213.03
382.4
247.07
253.15
139.25
82.93
390.19
299.14
71.64
127.29
413.57
200.54
78.09
251.72
23.3
467.42
205.98
339.55
172.76
230.97
268.95
225.34
119.36
183.05
221.53
357.11
323.14
387.82
267.7
91.77
74.79
89.01
280.37
178.16
191.94
331.68
401.28
143.51
65.43
303.61
286.8
120
211.29
167.66
108.04
157.86
136.12
398.57
201.04
164.42
257.41
197.91
125.1
230.73
303.44
227.15
170.63
40.14
161.58
110.69
245.07
77.48
303.76
106.18
191.54
291.17
231.54
109.94
274.98
152.31
178.13
225.19
229.9
182.26
185.93
195.62
445.49
317.74
179.31
271.82
190.37
57.41
183.43
149.06
249.92
202.57
342.91
116.04
329.16
205.49
120.84
432.25
228.18
160.65
297.04
181.19
240.94
58.44
170.44
378.42
307.7
140.02
244.19
390.32
139.24
133.1
315.64
325.75
226.03
257.1
332.76
139.34
164.52
243.09
520.63
271.31
282.38
155.54
105.26
202.42
262.4
235.04
266.77
149.21
40.18
240.42
413.38
92.03
181.85
377.61
260.49
116.33
198.99
70.66
309.15
312.68
66.21
247.48
85.99
401.77
240.67
248.94
249.45
155.34
153.78
137.7
236.56
325.09
438.54
225.95
132.21
243.17
349.96
303.36
331.94
369.73
109.82
279.23
106.59
335.31
299.32
247.39
245.27
159.12
315.19
271.23
101.47
165.81
247.52
303.49
293.99
532.16
158.09
233.99
261.39
112.04
313.6
150.29
117.15
103.02
195.84
464.53
438.56
283.02
70.26
306.7
108.81
452.24
161.43
358.37
338.34
295.92
70.82
243.83
153.52
31.42
298.02
139.19
255.78
265.52
102.5
340.8
458.4
167.77
173.46
437.7
254.17
139.15
358.02
140.58
167.64
157.46
148.68
407.3
403.83
464.95
79.14
809.22
224.6
385.07
171.09
186
432.8
209.55
125.14
310.02
408.5
207.56
89.11
676.11
275.05
284.85
241.84
150.62
50.74
183.07
149.09
482.33
127.34
219.88
138.76
181.31
198.82
224.63
400.3
240.97
266.65
474.3
502.74
315.36
409.86
265.72
359.77
168.57
121.73
60.5
118.43
98.34
496.37
321.51
115.41
434.75
187.68
243.32
107.47
408.02
507.53
182.23
370.75
119.74
219.88
165.88
399.19
280.68
125.88
431.53
208.68
232.1
156.67
289.04
483.45
262.41
146.56
103.2
235.64
153.89
270.2
218.63
378.51
193.73
278.54
111.31
124.52
194.86
328.44
113.61
220.83
133.56
208.13
287.1
113.39
516.64
393.85
313.01
60.06
159.32
256.36
189.81
230.35
345.65
128.6
185.57
322.26
171.26
147.01
212.07
282.61
134.54
144.05
717
98.1
220.6
299.19
276.64
160.99
272.94
311.26
289.42
304.98
150.77
317.55
205.41
217.58
177.51
130.81
380.48
351.97
270.01
292.72
440.65
189.98
238.01
371.45
86.12
211.09
183.14
412.38
343.11
219.95
282.76
149.9
157.96
293.5
281.76
327.67
326.14
155.74
38.47
362.96
85.1
414.05
173.81
98.01
300.37
224.07
311.91
221.07
296.89
202.05
237.65
149.26
111.78
163.19
544.42
321.27
191.52
207.95
68.71
558.94
332.8
237.02
180.73
205.52
416.7
140.22
346.59
322.4
368.52
200.4
105.99
207.7
235.38
196.06
162.98
188.39
163.62
153.25
370.3
192.61
319.08
112.53
193.25
491.32
152.1
246.16
285.84
59.16
112.62
212.28
150.34
175.26
199.54
362.51
226.47
233.89
304.65
159.62
301.84
195.18
335.45
404.2
182.28
276.43
209.27
135.06
169.85
294.53
89.75
99.84
136.6
91.07
446.04
178.81
208.05
177.23
133.27
340.92
218.12
178.67
318.06
266.47
179.15
125.4
149.64
314.74
291.85
69.25
305.41
222.87
347.01
201.35
275.5
311.47
206.13
335.38
184.01
143.94
304.67
194.88
225.79
108.59
437.48
166.91
236.4
218.52
241.41
433.93
194.44
329.24
209.96
312.64
53.88
299.62
137.08
167.63
223.38
338.62
251.86
114.64
267.27
175.47
374.4
405.11
287.74
381.6
266.45
258.16
151.37
115.11
181.61
182.36
266.09
230.56
190.39
254.79
365.22
245.04
235.79
134.56
384.05
360.91
559.97
591.28
348.33
199.49
264.62
233.49
477.82
908.19
174.78
313.05
273.82
321.41
476.52
346.5
209.13
145.16
604.25
178.75
216.94
200.37
377.44
392.44
130.88
559.32
158.13
66.68
263.92
171.32
183.32
67.93
313.38
336.17
201.54
271.72
291.73
157.05
200.93
255.23
323.82
263.44
335.3
141.24
72.23
496.61
541.33
238.99
215.85
355.08
407.37
321.18
358.31
394
120.36
50.16
244.4
331.87
113.86
270.42
290.41
284.63
202.39
510.59
287.38
177.35
324.83
395.01
377.82
348.97
344.44
250.9
1362.55
71.48
228.88
147.62
145.64
251.46
197.49
105.02
440.29
361.13
66.34
234.44
253.69
168.58
96.41
277.14
168.24
161.98
288.97
136.35
612.51
212.17
299.41
253.42
349.38
595.51
192.79
342.3
87.3
418.37
122.29
108.44
279.5
185.68
245.69
127.25
254.85
212.71
269.34
468.06
157.67
224.41
725.32
165.42
120.56
314.09
162.84
91.24
284.02
47.04
313.75
91.66
117.86
184.78
211.57
148.52
318.45
250.24
151.63
143.9
531.67
131.87
258.83
197.23
68.02
170.92
76.31
443.13
245.59
344.61
245.56
124.13
71.2
308.31
354.8
197.09
119.67
212.77
340.01
60.15
551.09
164.09
378.69
155.79
263.46
218.78
258.39
172.92
134.28
194.08
216.87
127.96
322.91
266.32
136.76
195.92
181.1
430.32
28.19
660.23
424.95
72.21
257.38
316.64
154.06
49.28
314.65
195.47
322.11
110.53
305.09
238.61
359.03
203.67
397.57
234.49
349.3
369.99
181.02
190.94
183.76
107.79
667.03
198.6
56.22
445.85
168.7
166.67
293.46
162.65
316.95
163.87
337.8
159
371.92
49.73
178.3
451.01
146.71
289.43
205.35
544.16
108.72
93.18
335.03
475.73
337.38
174.14
218.27
343.85
205.56
181.7
267.49
217.82
198.36
317.18
213.25
307.99
307.96
252.46
301.47
244.14
270.99
373.89
205.43
138.88
217.7
245.12
114.07
233.93
582.14
507.56
257.44
394.77
429
158.5
163.86
184.84
132.55
146.17
335.8
169.3
306.66
123.51
127.15
238.33
283.17
133.19
369.59
330.02
182.85
279.36
226.79
301.95
87.35
364.16
168.23
141.47
261.89
197.45
141.18
288.16
481.64
307.84
166.69
443.4
332.45
425.11
75.44
324.63
170.48
231.96
198.21
213.79
144.87
105.28
51.25
240.14
232.16
323.39
184.83
305.29
271.46
59.71
232.11
187.48
229.13
279.31
50.56
191.07
193.55
84.71
523.77
473.37
431.63
130.78
250.2
183.65
276.1
186.59
91.7
195.75
222.8
374.67
106.62
242.11
139.01
186.27
152.28
418.39
249.34
164.85
521.67
423.21
130.71
144.55
89.27
125.88
175.65
236.72
159.45
309.56
25.1
260.27
359.62
193.63
344.39
97.45
356.42
161.64
42.81
198.58
583.02
130.05
141.21
332.98
96.04
162.7
326.78
178.71
165.53
237.2
70.44
69.92
315.69
401.58
142.96
351.97
188.78
282.79
459.83
374.06
66.82
206.46
382.34
114.8
264.03
144.6
141.99
230.72
338.7
124.65
195.64
193.59
249.8
297.72
155.16
226.37
167.06
76.44
73.14
430.89
207.92
241.93
249.01
137.68
292.91
289.94
188.53
560.73
198.05
206.51
219.89
216.53
77.77
435.6
205.95
134.42
238.18
74.76
293.1
204.24
537.75
292.85
199.56
246.98
98.63
58.52
433.8
160.54
185.62
251.44
191.29
274.24
257.87
165.36
383.35
173.4
348.68
384.85
143.69
184.94
269.56
76.78
232.86
286.13
229.5
233.72
555.44
515.73
31.44
122.87
465.85
347.53
195.94
265.06
88.77
712.82
362.21
167.08
285.13
126.16
97.12
70.91
236.42
376.73
219.64
166.7
185.24
494.58
400.29
207.3
96.46
133.28
296.47
422.49
184.78
357.69
51.91
280.62
284.48
244.67
219.98
236.54
116.22
468.54
167.29
248.28
257.34
185.09
243.56
516.15
200.95
559.06
225.65
246.63
377.14
291.9
257.91
144.58
155.73
263.96
152.96
209.24
356.86
153.93
331.23
346.4
423.15
172.52
300.43
341.54
278.55
206.09
236.55
301.86
470.87
199.31
216.75
146.41
222.47
210.98
85.11
297.62
84.89
193.4
189.66
166.97
299.65
173.83
329.02
430.29
341.18
382.47
490.42
72.24
177.28
247.85
185.35
358.25
97.66
214.26
369.59
288.75
260.55
127.69
259.57
199.29
163.72
264.33
286.42
148.27
235.99
174.47
745.14
202.09
105.46
286.82
245.49
401.02
227.42
416.93
100.27
195.28
137.05
138.01
133.18
223.81
145.56
219.26
428.18
390
165.11
156.49
238.68
158.51
263.67
182.37
173.45
226.81
273.52
114.49
37.18
276.4
136.58
296.15
53.19
662.24
242.57
315.11
231.98
140.21
114.54
187.75
329.47
62.26
219.94
356.24
157.44
318.34
270.88
279.76
256.73
134.85
189.74
156.2
355.34
253.57
290.43
205.18
204.13
117.78
78.37
338.43
216.48
155.3
181.45
87.43
265.61
238.31
187.69
367.46
210.62
198.03
148.98
86.18
294.56
58.63
243.23
313.29
149.06
284.54
161.5
235.81
170.31
373.21
474.05
141.1
372.2
171.13
183.51
384.36
324.22
186.73
254.62
37.8
221.64
105.23
314.41
212.31
274.8
357.73
271.3
279.29
358.88
267.91
150.68
321.13
148.98
322.86
146.1
155.16
325.75
229.75
187.49
78.2
338.19
207.67
391.67
51.92
109.85
148.78
195.2
208.44
37.76
213.46
60.37
140.1
89.87
330.1
176.88
328.45
598.11
69.95
153.86
157.49
104.03
246.41
324.03
50.16
101.33
244.62
264.62
159.15
153.33
170.72
245.52
226.67
206.48
282.32
206.55
308.65
124.95
188.27
91.73
312.82
201.5
190.9
156.02
219.36
317.56
346.44
300.76
349.9
350.35
219.47
123.24
122.24
187.89
84.02
177.57
111.75
100
235.37
292.66
177.82
298.8
105.03
297.73
284.55
147.82
148.88
204.74
138.58
186.48
125.99
235.45
112.19
64.23
189.82
140.8
193.18
286.81
103.59
96.89
278.2
205.01
456.19
175.17
183.22
226.45
312.64
163.62
199.24
134.12
142.5
218.37
201.97
291.4
256.01
268.58
259.25
139.98
116.03
294.57
394.79
568.78
280.24
210.29
148.73
193.79
181.42
203.41
445.56
189.47
361.82
281.21
284.35
67.66
507.58
145.68
593.56
370.3
361.68
180.97
249.78
207.6
271.28
262.51
253.86
225.6
128.42
252.86
100.48
231.46
323.02
369.25
575.16
243.11
259.19
457.56
89.84
92.41
213.84
157.52
90.21
138.2
237.49
196.19
204.97
201.76
256.44
161.31
497.72
107.67
224.83
191.11
230.23
166.11
263.15
195.01
183.74
418.21
161.95
269.41
89.79
277.71
215.3
154.36
227.27
329.3
425.5
221.87
78.79
284.94
179.63
33.57
114.3
259.02
160.96
136.34
69.06
248.13
217.56
297.42
1011.84
170.85
179.47
229.23
147.54
163.34
248.7
278.34
190.11
140.36
364
140.39
402.45
204.62
201.36
111.46
235.74
181.02
168.1
465.87
229.49
149.15
81.65
374.84
292.3
310.19
171.68
346.56
302.71
354.77
251.41
127.39
228.58
214.26
181.74
368.57
290.07
436.24
296.2
244.12
349.23
154.71
233.63
218.09
528.43
284.02
218.1
48.57
97.96
143.31
411.17
135.3
93.44
92.68
191.36
173
52.02
471.68
200.61
172.38
264.36
370.95
76.73
180.72
242.11
279.72
221.82
280.4
254.36
201.71
300.22
155.92
170.77
272.98
301.61
251.74
177.86
327.51
120.99
244.97
135.9
219.82
452.32
444.75
44.01
140.56
125.02
226.08
231.12
153.43
449.42
137.95
353.98
315.88
200.64
381.24
349.66
366.7
203.88
228.21
207.43
209.93
204.12
276.65
458.3
322.78
174.6
238.11
232.89
206
259.59
273.16
111.12
377.14
228.24
109.84
258.92
270.84
153.08
368.13
260.77
146.19
353.51
158.19
266.07
115.03
160.85
159.35
456.77
276.37
188.28
224.21
322.4
389.58
246.48
213.48
262.31
86.87
510.07
466.81
153.68
523.83
282.74
297.37
309.57
107.19
81.44
158.58
88.06
159.38
191.44
319.7
317.46
176.79
160.34
82.92
79.54
75.18
232.17
302.43
489.29
297.11
339.82
236.57
151.81
257.58
369.62
181.22
143.58
828.6
178.86
374.52
227.68
206.8
131.67
283.8
150.83
241.36
419.11
209.29
182.98
252.05
366.4
355.63
232.55
198.1
102.72
306.15
243.4
250.92
330.23
181.26
189.55
407.08
169.12
165.49
172.16
184.07
142.15
217.8
149.72
262.98
180.33
82.6
159.49
385.23
90.55
459.77
319.23
263.06
392.69
332.87
143.85
317.77
324.99
495.66
91.73
186.17
199.81
108.1
491.13
173.28
162.02
143.11
575.73
284.11
290.46
164.33
129.23
475.33
225.03
220.14
67.02
250.17
238.98
414.88
226.44
195.2
175.72
484.09
286.28
440.73
83.66
175.88
199.38
253.12
218.28
665.02
339.14
120.76
149.69
65.87
309.19
175.65
216.33
275.35
333.23
233.95
209.35
233.38
329.15
88.14
196.97
265.67
195.23
274.03
276.01
235.89
191.51
171.66
173.49
50.19
392.74
197.82
219.19
118.54
143.92
150.47
188.69
290.04
92.51
153.75
380.27
329.16
355.17
180.19
294.37
189.39
238.54
61.57
103.87
374.76
239.15
378.75
357.98
404.92
141.73
203.29
151.77
235.3
320.28
205.83
184.07
120.71
322.78
128.79
654.04
116.51
428.57
99.07
185.96
295.44
334.87
545.85
8.67
366.15
178.05
458.61
205.44
441.58
295.62
206.9
287.42
397.77
219.41
351.85
158.65
185.4
186.64
191.64
156.91
296.07
201.63
371.97
195.96
147.12
277.27
340.7
104.68
302.32
139.51
301.26
191.8
182.64
266.06
42.6
413.79
234.05
222.99
93.55
63.13
270.92
156.26
71.54
99.69
133.23
128.52
178.89
240.01
281.04
93.76
168.64
305.86
268.9
105.95
474.36
130.63
231.63
146.09
140.35
213.08
251.65
242.98
363.86
234.05
62.47
155.92
109.9
86.72
232.91
299.72
250.75
502.74
656.5
311.46
256.63
271.04
266.28
620.55
66.5
217.82
330.83
236.13
249.23
250.48
517.34
367.2
262.36
228.04
242.49
233.79
311.6
146.32
200.93
254.61
137.5
318.75
98.32
281.71
440.61
252.22
194.96
255.32
165.31
197.45
228.28
410.95
218.49
271.11
483.72
312.2
285.14
148.81
200.66
280.59
192.6
193.03
506.59
227.03
656.87
49.52
241.66
363.02
273.17
252.34
397.58
248.74
309
333.71
75.42
97.73
291.59
193.44
323.4
282.58
177.01
130.87
107.89
325.32
146.46
242.02
396.05
456.84
120.67
190.39
223.5
151.04
134.76
322.4
390.55
127.67
199.36
142.86
133.19
361.52
429.26
105.6
570.71
404.14
294.06
202.67
339.43
138.03
262.6
257.27
75.68
167.24
187.45
244.42
286.19
94.86
632.39
193.26
350.39
214.24
282.77
417.93
133.61
366.23
158.26
87.92
210.34
361.83
491.49
349.12
79.55
153.27
208.57
349.26
294.31
663.28
417.59
172.44
128.21
253.55
276.12
261.95
241.52
307.05
248.22
271.29
99.45
431.1
492.12
330.01
287.46
240.14
126.86
275.83
364.33
248.66
577.49
65.29
89.04
107.99
179.73
182.98
498.68
43.58
257.46
161.14
83.19
218.01
325.81
373.15
255.23
47.41
253.64
162.08
242.83
175.67
134.47
324.82
418.37
103.94
136.28
216.71
313.47
133.24
232.75
145.49
382.73
123.16
240.51
229.21
351.79
252.86
638.65
255.33
206.99
183.71
302.09
181.32
308.06
358.88
405.75
352.4
54.83
153.21
179.27
120.91
305.27
137.78
372.02
134.51
407.27
186.49
58.05
283.11
271.52
539.77
111.17
106.24
101.69
270.72
308.27
343.2
298.55
147.47
190.36
132.16
250.06
671.75
530.07
417.15
282.73
103.96
153.79
135.62
199.45
176.43
251.36
242.66
176.61
387.54
488.41
116.09
300.45
254.17
281.89
362.21
230.08
135.84
387.3
331.02
169.98
495.75
194.57
413.65
239.48
222.48
208.71
323.06
387.42
317.99
251.54
190.74
109.71
338.36
278.34
453.93
154.39
280.56
224.34
254.75
272.54
30.46
233.68
182.87
49.07
450.31
123.99
395.47
328.85
107.31
396.02
218.2
282.7
199.72
123.46
310.67
250.96
314.46
158.45
539.71
114.15
259.46
514.09
292.5
226.89
324.5
292.88
218.4
187.03
161.51
91.16
411.61
235.96
441.94
427.49
167.66
175.13
322.23
491.42
219.02
228.34
317.52
492.19
480.7
517.38
144.71
327.48
364.51
212.11
253.19
136.34
148.79
306.7
422.87
258.25
567.9
398.92
188.19
236.58
159.16
104.36
338.05
129.93
152.78
178.4
266.31
257.64
185.72
366.26
108.59
129.31
336.22
126.36
211.24
261.8
362.15
127.66
365.91
251.66
250.63
338.19
164.87
292.22
143.64
153.91
202.51
128.99
311.57
257.3
360.88
282.88
162.38
108.22
277.01
89.07
417.37
76.22
125.97
151.76
326.89
173.77
392.74
280.18
237.34
184.29
509.61
134.25
268.12
83.49
219.56
118.94
308.92
165.53
339.7
582.77
423.4
209.43
185.96
244.3
187.81
124.98
352.24
393.61
223.96
297.35
168.09
224.95
168.34
130.62
149.47
358.14
318.74
235.59
76.04
362.34
166.25
309.78
430.01
101.87
217.02
329.5
325.04
107.93
151.56
906.42
130.87
256.84
688.1
179.49
165.66
265.28
213.3
267.03
316.17
154.67
126.94
123.09
263.71
356.47
199.25
153.25
102.33
280.78
141.23
193.69
151.89
276.56
314.94
499.61
300.87
75.72
149.64
178.28
173.45
68.06
149.38
190.84
197.08
239.94
75.25
232.67
287.33
209.34
203.56
238.54
384.36
276.73
251.62
254.74
178.21
234.5
236.35
158.84
228.98
107.85
152.02
60.57
190.32
191.26
289.38
155.11
290.23
426.44
198.49
122.2
257.7
218.87
293.46
402.81
151.21
69.78
226.65
265.7
201.2
222.89
643.19
307.36
254.69
163.29
99.62
96.02
104.92
134.43
389.34
194.55
323.71
367.48
310.01
169.58
121.12
311.99
133.96
244.89
262.88
188.87
266.02
213.61
87.92
444.02
164.97
306.23
169.49
301.07
213
280.28
130.19
349.33
125.99
435.29
183.95
72.08
223.48
181.86
351.65
173.17
224.48
215.52
466.32
236.67
56.79
248.44
339.78
310.49
228.93
186
289.27
188.24
753.12
54.24
392.76
353.56
202.1
183.99
272.03
573.11
180.24
253.04
256.05
412.54
230.81
193.96
192.98
275.26
220.38
259.08
155.26
228.53
263.83
242.07
138.56
168.18
284.67
131.79
277.34
144
328.46
342.54
154.9
183.8
305.65
122.24
152.74
171.78
187.13
168.03
353.59
202.63
405.73
302.73
165.52
275.95
106.13
171.65
198.68
360.27
283.97
299.45
173.9
351.59
201.1
227.61
341.64
194.81
235.69
104.97
186.78
254.73
340.46
224.24
236.01
191.16
204.26
149.73
224.27
184.21
61.82
293.64
136.13
315.9
76.59
106.5
311.59
424.88
189.29
236.12
82.87
268.67
280.15
93.49
363.49
268.49
338.6
326.15
100.35
445.2
192
235.33
267.45
269.89
184.89
180.32
170.7
263.73
511.98
328.76
273.46
324.92
571.58
89.83
283.43
150.25
184.64
346.42
273.52
272.86
282.61
200.19
341.5
79.99
244.57
31.8
192.23
147.57
201.4
398.9
116.5
327.51
260.22
260.56
305.31
323.36
262.78
353.92
106.52
251.07
178.14
203.35
201.15
108.31
69.7
269.73
321.05
273.96
447.1
483.62
232.09
171.44
607.66
162.55
554.34
160.16
123.53
156.95
102.62
261.68
160.37
195.42
355.43
153.14
423.83
63.12
125.23
430.1
195.56
158.12
241.18
338.72
72.36
179.15
109.11
154.16
249.62
124.86
230.78
304.58
102.51
324.25
362.47
254.4
184.2
517.37
225.37
166.2
220.31
169.32
59.53
123.58
316.94
122.83
215.78
132.69
177.5
285.05
334.26
276.01
105.68
228.49
254.12
142.66
178.16
181.96
73.09
401.97
196.13
151.05
126.91
230.16
192.91
90.46
233.48
132.72
156.07
180.63
196.37
240.54
221.26
618.64
187.42
273.67
105.56
279.49
452.13
177.03
198.13
228.16
550.9
156.66
335.68
138.71
219.63
206.57
395.18
189.86
463.6
264.08
193.36
333.36
237.71
225.53
180.3
202.59
290.23
145.99
588.78
419.66
671.75
153.55
424.18
141.23
154.77
637.99
217.74
281.3
422.75
359.16
349.6
238.92
164.52
380.81
231.3
212.55
126.18
84.83
228.03
181.33
147.7
144.9
215.6
265.47
241
295.22
238.56
265.53
102.02
180.68
150.36
199.07
218.36
215.66
281.85
226.96
103.68
387.85
105.41
253.8
135.45
88.57
430.16
249.68
132.58
78.84
369.96
280.43
66.9
276.08
311.1
152.2
270.6
145.16
107.22
263.2
107.54
260.6
215.3
219.18
284.83
210.24
406.28
217.92
180.6
367.89
88.69
167.51
86.25
133.39
345.08
157.75
181.84
217.96
736.21
135.47
367.39
271.84
401.32
365.83
415.43
408.69
211.05
245.46
462.18
276.84
479.3
226.51
151.26
233.17
78.38
610.35
410.79
52.67
82.34
221.72
235.26
164.77
242.37
324.47
202.9
237.86
254.33
130.94
305.49
147.71
229.41
385.35
285.4
548.5
525.48
312.28
105
693.25
425.54
359.73
341.31
218.17
179.38
107.2
389.22
176.39
374.26
306.02
525
323.23
86.76
127.76
100.68
97.01
154.93
146.76
226.55
273.94
287.37
447.54
125.17
337.18
187.12
134.06
188.37
493.6
97.97
279.46
358.79
206.31
335.19
52.38
373.53
50.5
163
310.38
320.04
173.18
412.02
174.03
368.27
267.08
243.38
89.38
244.34
156.18
210.9
270.62
308.01
337.72
248.1
267.98
110.8
278.92
426.37
181.25
100.03
280.54
282.05
462.64
213.18
251.42
284.08
130.25
186.47
288.86
115.62
217.78
266.17
259.57
320.3
108.51
512.11
250.69
117.39
184.36
201.49
245.38
225.44
146.36
106.64
128.4
198.49
47.58
362.58
233.67
195.69
107.96
200.23
188.15
291.98
157.37
16.14
189.91
101.04
188.97
264.86
206.35
406.65
315.41
187.19
211.27
135.81
211.98
249.52
129.04
240.13
222.42
165.04
216.28
373.91
275.62
142.28
250.29
244.13
179.26
110.92
87.89
481.22
136.53
180.79
112.73
160.58
239.82
386.73
359.5
176.4
103.17
277.72
274.67
187.97
159.22
135.45
399.94
250.29
154.86
720.34
176.67
201.25
110.15
178.26
61.25
229.49
224.62
148.47
68.41
196.03
135.79
124.75
168.92
183.27
225.26
473.69
247.61
259.4
104.45
111.42
280.98
244.83
455.55
44.8
559.47
120.84
227.44
242.97
142.64
256.78
318.06
336.22
224.34
207.18
262.85
198.77
124.79
311.07
379.64
159.11
113.76
146.04
278.23
258.57
330.04
477.47
226.39
249.56
298.63
130.92
93.23
115.34
78.75
262.22
135.57
90.1
186.19
118.01
311.17
166.98
174.18
136.8
279.89
137.29
159.62
391.55
141.84
315.89
309.32
216.1
206.88
237.26
280.23
280.26
255.49
163.81
204.59
199.12
323.98
156.31
150.37
42.53
151.95
255.46
314.58
466.61
403.41
422.29
159.94
257.88
76.33
295.54
132.11
304.03
281.43
336.05
174.18
172.77
30.52
213.12
159.72
245.87
166.37
206.53
208.41
129.1
317.54
265.83
152.53
271.46
88.72
135.51
272.83
376.9
170.27
289.71
331.39
100.61
310.14
100.24
104.3
190.4
545.01
156.86
200.6
290.44
170.75
226.58
351.91
33.69
172.05
198.21
336.64
610.68
160.76
180.01
410.54
370.95
635.74
230.13
234.74
191.9
299.84
130.05
300.69
201.93
285.43
267.09
303.12
176.69
308.46
76.95
367.48
206.93
294.61
293.51
107.43
108.62
263.86
169.4
545.07
58.17
367.97
178.16
689.65
181.14
307.84
268.16
486.21
241.29
144.19
167.83
190.05
126.42
188.37
123.31
164.65
196.75
226.75
481.83
276.8
295.95
93.83
206
128.92
90.51
178.98
115.8
191.26
145.47
239.93
146.3
138.66
109.9
460.95
222.27
261.93
265.6
269.27
296.28
212.9
199.14
145.14
283.46
568.05
350.82
188.12
178.35
166.58
94.94
316.51
272.9
219.89
154.13
330.09
81.83
627.86
310
172.94
292.01
377.87
190.74
231.13
608.62
377.39
149.75
176.35
237.44
275.2
203.39
433.68
272.12
111.51
267.28
308.41
146.95
113.46
84.87
64.12
175.74
380.8
76.28
241.61
106.29
134.12
318.28
208.24
112.79
112.32
249.41
59.73
264.73
153.35
288.83
280.24
127.99
292.69
182.71
358.33
109.24
114.52
201.57
253.92
350.99
175.25
213.8
234.25
197.97
37.13
66.75
202.65
289.48
247.98
343.18
144.62
111.28
243.16
176.89
283.78
138.49
320.44
260.55
196.28
383.52
420.35
103.59
178.69
80.9
227.53
413.28
139.02
174.66
224.91
428.45
28.58
233.12
297.38
384.02
249.03
79.31
266.93
241.04
96.72
486.28
179.86
290.73
251.31
145.37
215.91
78.06
250.98
139.98
84.74
119.46
75.93
220.8
321.64
85.61
208.99
148.02
84.71
285.64
181.48
306.66
248.92
304.47
277.84
91.7
114.49
245.26
164.77
148.46
156.23
83.33
208.47
228.48
530.2
175.46
371.31
638.82
211.04
162.06
158.58
99.48
150.38
225.58
357.83
353.7
419.81
161.34
149.86
293.49
271.43
329.38
388.29
78.01
135.48
310.95
75.26
149.3
330.29
292.95
281.41
203.44
147.7
261.87
147.84
118.3
276.72
391.21
184.94
269.46
204.4
239.82
81.41
412.82
154.27
234.93
319.12
336.85
254.9
214.15
127.95
218.55
202.52
417.68
302.24
419.07
204.48
539.97
311.28
172.29
92.04
293.14
111.99
203.36
196.75
144.88
361.39
169.96
411.44
287.66
330.78
245.75
160.75
434.6
199.77
412.73
76.37
253.84
204.72
164.67
251.79
247.92
204
91.7
265.54
384.72
494.54
290.37
461.53
