52.81
124.29
65.97
55.36
93.92
91.03
41.31
82.95
172.21
81.19
25.14
60.8
12.2
29.36
21.22
59.02
41.89
92.77
39.88
187.28
66.14
83.3
54.81
99.73
56.13
41.95
113.1
25.07
176.26
77.42
87.73
35.08
23.01
49.61
78.54
20.83
85.25
33.58
46.37
19.69
42.74
57.06
78.03
40.63
38.63
73.14
28.74
102.35
105.28
74.64
113.86
60.8
8.86
96.68
45.11
107.93
102.22
19.87
110.86
21.61
90.43
49.26
139.22
86.09
68.2
32.68
19.52
59.73
31.76
30.06
152.01
84.4
68.72
102.22
79.46
174.82
31.52
185.22
39.17
50.67
56.7
56.42
94.19
87.72
37.06
123.34
28.75
46.16
93.03
137.96
77.4
83.62
56.68
10.47
35.5
105.52
103.91
76.65
153.62
107.88
63.72
33.24
96.13
227.45
28.05
71.74
145.89
63.7
53.9
43.96
9.66
31.59
108.07
76.41
45.38
121.46
63.96
88.28
118.18
1.58
32.07
52.78
36.36
115.76
84.55
89.77
33.14
30.88
62.62
21.7
84.67
29.5
60.99
69.01
54.4
90.35
79.31
67.75
18.92
71.16
73.83
101.5
199.23
28.56
28.64
40.81
88.52
103.36
70.33
98.83
185.83
17.87
145.24
105.26
49.54
115
75.42
43.1
112.96
183.56
26.04
47.96
69.44
106.38
82.88
333.16
75.06
77.83
76.46
55.81
74.4
74.99
54.27
60.14
72.55
62.97
155.04
47.23
118.43
48.95
57.61
87.82
14.85
59.91
122.29
72.51
53.59
29.82
64.93
60.5
30.08
40.52
71.1
22.56
86.98
46.77
49.77
58.27
103.8
101.52
72.07
28.18
11.68
247.16
133.37
28.98
139.06
15.72
75.39
60.18
41.96
72.61
39.21
53.74
125.58
166.7
108.97
66.21
59.31
46.95
50.45
266
109.35
89.95
115.25
77.94
40.17
51.42
102.23
150.16
27.39
94.31
101.44
56.16
51.2
36.34
77.78
45.39
68.44
26.91
91.04
67.25
70.73
22.9
54.43
71.71
138.75
78.07
163.14
118.69
105.24
52.89
73.27
69.51
43.49
69.36
245.22
60.57
69.66
55.32
7.95
91.2
51.01
67.63
51.46
37.74
155.41
86.97
145.64
168.36
86.13
24.56
75.11
163.18
85.13
71.58
71.87
69.16
137.63
103.37
33.15
29.13
88.37
14.48
114.37
89.58
77.72
43.64
73.99
52.94
21.38
62.67
36.45
65.59
70.17
78.26
68.88
34.95
38.73
66.23
101.01
58.9
27.26
39.05
100.66
49.99
79.35
108.24
31.11
57.68
98.93
14.81
57.59
58.58
31.33
39.65
30.33
15.59
35.54
42.85
26.51
49.16
98.72
70.3
132.5
104.59
27.76
122.48
72.58
105
73.72
35.74
74.45
17.2
37.15
48.52
59.15
61.18
110.33
40.76
23.21
242.52
100.76
50.78
68.41
103.59
101.97
53.69
25.02
42.95
83.47
42.34
50.32
96.63
135.07
98.82
55.41
50.73
49.17
72.54
108.28
46.83
87.83
90.89
80.56
106.1
26.94
81.35
76.58
16.95
27.13
70.34
84.8
18.17
137.98
77.59
81.97
43.7
44.12
55.88
96.02
46.08
70.35
29.11
109.29
55.49
54.36
8.66
32.8
26.41
82.73
34.01
82.6
114.43
114.59
83.83
78.05
53.04
63.34
43.47
36.05
20.75
72.67
33.43
87.19
44.98
54.23
25.76
103.04
59.67
117.53
43.32
96.24
48.44
116.03
129.93
73.42
24.39
48.09
51.94
31
84.01
59.53
75.29
37.72
20.38
82.92
135.36
146.92
91.39
66.86
54.63
148.9
127.51
124.54
8.52
90.12
43.77
132.53
56.06
68.04
97.39
130.58
52.41
28.59
33.7
18.02
60.26
49.39
99.22
25.08
163.45
44.17
37.47
68.21
70.41
21.79
30.81
30.05
59.64
22.27
9.83
20.4
30.03
68.19
40.16
90.81
44.72
83.17
106.39
93.47
67.71
43.14
42.64
134.81
138.61
38.11
31.16
32.12
105.98
88.96
66.6
69.2
217.56
67.44
15.94
86.57
102.39
62.67
178.32
110.82
34.91
17.37
51.34
47.32
135.1
90.52
43.41
77.34
121.85
59.13
148.25
82.73
73.45
168.65
38.99
128.89
36.54
71.19
52.44
14.67
11.84
54.72
79.13
85.48
51.62
13.52
123.38
68.42
75.44
40.28
96.62
47.45
80.71
80.77
55.7
36.09
50.68
145.73
124.3
173.78
89.97
102.85
83.52
65.13
96.47
164
64.38
32.72
102.39
44.81
39.7
99.72
35.95
40.19
28.23
80.01
160.98
25.69
56.12
50.71
41.06
124.99
93.45
51.64
51.9
116.45
66.87
70.57
120.41
25.7
56.38
44.97
69.9
75.19
19.8
39.21
44.37
104.68
18.35
33.11
19.23
124.39
135.02
65
42.13
23.1
68.3
70.29
80.21
48.49
29.42
47.73
39.85
41
91.11
40.52
59.06
33.07
51.51
75.33
123.23
189.71
41.62
51.51
89.44
74.41
227.77
49.96
90.24
45.21
25.67
24.07
64.16
55.43
64.11
68.29
55.47
50.89
66.88
36.09
121.93
69.03
83.5
117.96
85.44
55.83
89.05
32.5
119.08
62.53
67.38
48.72
63.08
34.49
180.19
144.52
245.82
28.97
78.52
110.85
62.15
71.27
56
96.16
78.15
64.31
39.12
73.49
74.39
42.23
78.71
66.98
121.54
5.62
46.24
36.61
84.17
41.57
52.03
18.47
51.19
154.97
64.29
60.75
123.82
110.25
19.31
24.94
26.39
115.28
48.94
33.44
49.9
107.06
111.2
40.3
39.29
29.91
87.02
79.64
22.88
51.81
81.38
34.53
97.91
60.41
78.29
45.37
135.58
93.66
89.85
38.48
49.54
96.61
50.48
50.92
108.27
46.11
27.32
80.68
89.78
22.76
18.37
88.01
47.51
114.6
54.39
38.52
55.6
18.37
14.79
48.12
12.88
99.69
105.06
61.41
93.09
87.55
110.19
104.62
117.81
64.66
41.8
50.79
95.47
104.98
15.37
17.57
44.21
53.4
114.7
32.36
49.78
40.3
39.93
46.7
65.51
37.41
76.61
93.57
74.92
20.94
167.33
97.75
119.94
135.35
90.88
15.16
58.91
84.24
66.55
71.33
71.19
56.57
108.04
47.4
142.05
115.29
88.44
43.38
30.1
56.41
34.1
69.92
73.86
38.83
88.05
75.15
38.78
102.81
76.27
88.5
35.97
47.67
44.59
26.1
127.62
76.22
63.26
72.35
31.69
55.54
59.89
73.07
106.5
70.55
36.57
110.26
74.76
16.46
134.73
49.14
90.79
74.23
107.33
14.82
27.07
67.86
34.02
29.22
46.04
41.21
88.95
39.09
76.73
62.44
35.31
101.5
25.71
119.76
83.15
65.42
23.04
60.44
92.63
140.44
78.96
59.73
80.67
40.62
33.8
27.56
68.92
112.99
76.17
64.44
90.99
96.5
15.36
58.86
83.94
53.93
79.26
71.37
43.37
158.93
118.55
20.62
107.85
50.83
209.8
153.82
55.97
102.5
23.02
122.46
105.99
35.67
38.11
106.75
69.25
9.47
14.8
119.69
67.98
46.8
65.02
48.84
20.99
53.88
51.7
96.56
81.94
80.94
42.78
94.38
37.92
51.04
32.59
27.88
94.74
83.87
96.17
45.53
110.19
69.96
20.65
43.6
108.59
129.8
114.83
29.49
42.27
69.14
48.27
53.22
141.05
38.84
44.74
86.86
47.57
56.75
44.79
45.54
127.3
80.28
41.42
60.34
34.3
136.59
18.3
96.34
56
50.14
105.02
68.98
113.16
66.37
31.83
134.06
49.93
0.05
20.09
6.09
108.84
133.79
152
55.39
21.23
48.93
89.89
75.93
71.71
206.7
31.86
130.21
100.43
47.78
262.97
117.87
49.7
52.69
156.85
43.85
143.29
107.08
120.57
35.36
90.75
102.23
41.71
106.52
37.54
67.79
48.87
79.3
53.64
30.61
73
62.43
61.92
76.96
25
43.99
58.12
15.31
37.52
58
76.89
78.89
38.88
16.18
94.63
253.84
96.38
24.99
24.49
47.23
85.94
130.75
84.52
101.09
59.48
58.27
96.87
89.54
40.52
93.1
76.62
49.6
62.66
29.29
70.36
37.09
42.81
83.63
150.03
31.87
58.73
159.57
38.11
63.52
79.47
137.66
36.31
27.27
79.68
64.77
129.38
47.87
36.92
62.39
57.7
72.87
59.08
141.82
115.52
46.63
65.05
47.93
51.04
54.31
34.08
47.09
32.51
81.71
87.8
79.95
33.92
84.52
60.84
19.5
100.17
43.6
83.35
11.34
95.53
74.1
50.34
105.09
47.52
41.48
118.72
17.99
201.44
105.53
25.27
76.52
122.96
64.43
34.45
118.16
97.02
38.82
47
53.84
145.59
88.96
53.65
65.01
30.82
204.87
246.64
55.36
100.92
39.89
75.9
109.57
41.59
41.19
61.83
79.15
69.48
28.59
98.27
89.43
47.94
109.89
140.96
61.48
41.51
30.82
32.66
24.84
155.65
35.56
102.7
103.7
85.96
51.77
19.49
94.26
53.66
75.83
50.45
26.43
39.35
78.39
131.25
75.57
41.36
21.59
54.39
52.22
145.17
48.21
68.26
63.84
36.85
35.54
122.95
84.67
26.53
49.86
52.29
87.56
66.2
33.92
53.05
113.96
46.58
77.41
50.94
139.67
17.32
76.46
147.05
38.77
81.62
66.78
90.31
104.18
46.32
42.59
70.64
129.5
75.12
210.36
216.06
46.03
36.73
73.38
41.31
23.68
120.85
24.22
103.87
70.35
67.47
28.72
90.62
37.67
32.62
61.41
68.12
39.61
62.75
57.56
152.42
147.53
29.55
49.08
39.76
47.01
72.01
70.25
82.28
96.58
34.53
97.04
97.74
53.59
217.49
92.38
74.98
12.81
92.06
53.59
109.35
68.04
43.43
81.82
48.88
33.74
25.38
40.93
36.84
50.79
40.76
49.97
87.22
25.5
56.57
55.99
130.26
61.95
52.11
90.18
84.86
21.37
34.25
35.26
66.78
46.28
39.6
170.98
43.91
71.36
90.21
173.81
121.02
29.96
53.72
38.78
44.63
20.74
112.62
47.89
20.35
24.85
103.81
20.49
80.17
23.44
55.42
45.28
34.68
87.22
286.75
34.06
89.02
57.87
50.28
135.34
219.89
125.05
92.65
34.99
158.75
82.26
144.56
143.31
31.24
45.51
25.89
19.42
114.16
65.75
75.87
25.6
79.08
43.67
24.97
83.11
22.6
68.34
31.12
131.41
100.13
108.05
51.16
51.19
77.94
64.35
68.24
69.57
57.9
152.47
67.34
83.06
66.23
69.27
56.51
126.33
39.71
89.13
83.97
61.03
79.93
29.76
35.01
118.49
77.71
46.38
31.65
111.14
21.5
54.84
43
111.9
171.01
43.26
34.74
51.5
13.19
158.11
50.88
64.95
58.47
106.99
39.06
22.11
118.82
47.29
42.38
88.42
130.38
65.97
40.42
57.83
60.73
125
65.14
30.28
24.82
90.62
56.64
94.69
214.75
47.82
231.01
62.12
163.96
65.97
100.83
52.49
73.6
20.99
96.98
91.52
77.76
102.48
131.39
90.33
31.48
68.35
33.56
50.96
53.44
84.63
103.92
64.06
36.54
5.02
70.44
140.97
41.24
65.27
78.49
57.31
44.71
107.53
57.49
49.45
49.5
129.72
109.42
12.07
33.27
113.25
19.73
99.37
18.36
107.44
91.51
86.75
62.51
82.28
69.99
59.72
39.19
118.49
20.43
66.42
26.62
52.58
49.18
105.67
20.28
42.87
52.23
62.37
276.17
43.74
78.47
79.65
19.79
66.48
30.86
124.55
58.43
123.23
57.99
62.84
47.44
20.71
65.28
84.5
80.71
85.11
60.84
49.34
27.24
37.07
139.66
112.97
31.02
77.7
72.42
58.94
60.64
98.47
115.66
110.97
102.57
126.79
62.97
53.82
163.28
154.9
40.86
90.82
47.53
22.7
19.67
41.88
88.95
45.88
45.82
21.41
56.98
82.95
18.83
35.26
93.54
52.5
53.23
100.23
52.66
146.26
73.32
50
49.56
41.28
125.3
50.78
124.59
50.63
57.93
42.94
58.57
55.31
130.12
135.89
86.63
45.12
55.91
144.66
54.63
45.26
101.75
28.26
93.65
42.27
111.66
90.47
76.83
47.14
62.16
35.7
42.6
69.91
28.46
64.16
54.57
84.37
124.56
68.16
52.94
82.64
15.59
67.58
85.02
45.83
33.01
73.18
164.9
131.61
54.64
31.2
70.3
47.51
90.6
89.6
185.34
86.09
61.96
28.15
75.68
29.38
149.14
104.73
86.59
71.49
43.48
20.72
87.33
79.11
38.36
33.24
70.47
85.69
22.3
103.22
37.77
54.08
69.54
32.85
120.35
129.17
251.3
26.87
298.58
61.86
77.52
81.62
32.44
144.1
70.71
24.88
126.98
59.71
144.74
28.13
162.66
61.44
100.4
63.82
21.46
4.92
74.78
44.16
151.81
157.97
69.01
56.69
44.17
89.45
82.17
108.57
25.62
41.67
227.06
212.56
55.11
100.04
41.09
121.52
131.73
94.2
13.55
17.06
44.12
46.03
99.28
35.79
104.84
55.13
55.41
37.19
199.29
262.01
37.11
83.35
37.72
44.63
59.04
258.71
89.5
60.59
87.22
87.03
35.97
158.02
92.98
175.37
144.3
71.51
12.71
69.94
61.9
65.01
26.81
114.85
26.05
90.62
13.88
45.41
112.73
174.83
85.21
75.69
57.91
75.42
46.99
23.63
132.56
113.89
163.88
27.97
30.24
54.47
77.06
165.87
117.48
46.09
58.86
133.26
52.62
94.62
61.22
64.05
81.61
77.93
270.97
32.49
56.88
149.12
78.73
26.84
54.14
66.61
86.72
73.31
66.11
101.56
63.65
105.88
63.44
38.75
109.49
73.25
99.31
211.71
111.44
111.31
86.11
105.87
36.57
65.79
113.53
120.95
92.39
57.04
160.88
104.02
20.22
106.97
131.36
69.83
111.05
50.96
11.62
105.84
40.33
143.12
47.56
32.27
156.93
98.1
126.01
66.61
63.17
21.37
99.32
62.2
47.24
21.81
135.71
145.14
113.64
51.86
23.63
244.05
62.84
25.42
29.76
77.85
105.27
10.35
132.78
49.58
150.38
36.29
71.55
38.34
24.49
49.08
63.15
59.19
33.98
40.95
60.18
45.07
78.96
36.04
46.29
106.09
29.03
74.92
148.08
28.62
28.09
57.93
44.65
17.12
30.81
134.05
109.66
53.77
92.52
39.77
114.24
69.16
162.31
144.09
56.38
70.04
74.58
14.12
32.31
84.23
58.42
19.28
38.13
7.6
61.98
86.89
83.88
85.94
51.24
155.81
42.39
43.23
65.25
57.31
37.31
80.21
4.28
79.38
76.74
18.45
113.03
38.67
153.25
34.55
32.43
31.79
19.76
130.54
50.73
70.57
60.88
106.59
58.33
26.09
91.13
93.4
31.92
64.11
64.46
199.54
65.74
104.88
63.76
76.59
50.17
130
29.92
83.97
132.54
74.58
181.99
74.51
39.86
41.02
92.94
86.41
67.46
84.66
67.83
107.27
44.09
32.24
63.89
76.44
124.77
58.77
99.43
62.96
65.59
93.3
36.56
23.53
90.93
153.25
174.33
203.6
47.51
73.11
109.53
62.31
176.72
276.26
76.46
83.78
70.22
112.79
277.87
122.84
66.52
37.2
61.52
48.31
44.29
209.87
128.07
62.44
51.76
104.07
164.93
12.71
96.33
31.87
30.84
44.31
108.88
73.52
28.99
82.82
39.82
75.04
47.24
70.29
110.45
103.59
73.05
75.88
31.15
238.98
150.19
100.81
37.08
108.48
75.03
77.76
69.79
124.58
14.37
26.46
8.74
62.52
24.98
64.36
96.55
40.35
40.42
98.4
69.72
76.74
65.72
77.67
206.69
114.06
88.09
74.78
221.68
23.43
37.51
28.58
58.93
35.62
96.77
15.65
109.06
110.98
18.75
79.92
33.27
56.31
44.88
53.4
43.2
43.78
43.01
61.87
129.51
103.59
86.63
67.31
72.55
86.14
63.98
110.9
41.4
153.44
33.43
19.96
57.43
79.57
97.22
90.19
102.05
56.52
57.77
135.06
40.73
35.01
269.81
51.17
67.14
137.35
39.47
52.66
67.06
21.42
96.73
105.02
43.01
110.93
74.75
63.88
91.18
80.02
87.4
15.61
136.27
54.63
97.23
94.51
22.34
106.06
34.68
181.07
39.13
116.89
78.59
27.45
17.98
75.31
93.8
53.59
59.75
54.74
51.72
45.82
208.27
48.33
59.54
45.67
74.89
49.23
117.51
130.31
37.78
36.05
47.18
149.08
161.06
85.72
69.39
86.48
43.79
292.99
9.65
119.42
63.12
25.04
101.01
84.64
84.33
22.44
82.61
54.39
74.43
26.85
162.98
78.11
108.79
83.53
82.06
97.96
39.38
104.74
44.82
23.99
100.58
71.92
205.96
95.37
29.82
175.94
17.86
76.3
132.93
30.41
119.26
65.61
130.01
63.99
146.71
19.38
63.7
187.94
81.74
119.15
52.34
129.24
101.96
26.8
115.15
101.79
87.51
107.58
50.12
121.53
71.4
58.03
79
85.15
94.38
120.01
142.64
59.13
94.63
56.99
84.13
57.66
72.96
104.07
56.41
62.22
62.07
64.59
30.04
138.82
115.11
204.71
75.24
80.36
143.83
81.53
45.56
74.3
49.9
84.57
127.44
46.54
80.8
19.66
26.04
60.54
105.13
40.38
44.23
111.56
133.87
100.7
70.42
201.53
24.71
170.58
77.99
31.43
86.49
70.71
44.03
75.83
125.6
130.42
32.21
94.85
79.29
111.27
91.86
60.3
58.78
69.38
30.09
139.61
65.9
52.79
2.48
106.68
80.28
85.63
47.69
41.63
87.01
30.43
97.35
71.73
70.59
131.99
19.33
113.72
189.98
27.41
94.6
100.26
42.56
50.12
39.01
68.98
45.52
75.23
43.4
87.45
53.73
73.86
53.88
92.01
21.81
56.54
63.53
126.89
76.05
65.83
169.05
147.93
42.77
27.81
31.2
36.23
18.32
71.36
56.28
94.55
36.29
76.18
145.54
42.09
164.8
39.46
89.72
156.49
10.19
48.13
99.88
55.14
42.46
99.98
23.49
60.46
36.9
55.02
38.29
80.04
29.3
10.6
90.77
70.11
25.39
66.77
29.72
117.38
81.98
108.89
95.68
56.4
98.4
8.21
93.37
49.06
55.88
54.43
151.59
36.67
69.94
52.37
57.54
74.39
49.9
77.17
65.13
38.22
25.65
141.42
35.28
125.77
45.08
22.57
35.19
79.83
101.9
161.58
38.12
76.4
54.73
57.79
34.5
132.37
23.54
19.75
42.38
32
108.13
70.22
215.05
176.95
39.78
82.08
19.44
30.87
70.04
43.51
39.4
48.04
145.42
60.78
107
48.32
110.26
41.77
263.83
130.01
45.3
67.84
79.82
37.07
26.64
94.47
54.21
61.87
113.24
122.06
0.33
43.4
186.26
68.5
59.03
84.15
25.5
236.6
35.4
30.62
47.71
61.86
31.26
66.83
41.63
107.07
35.7
121.65
80.79
99.05
80.13
51.56
24.68
43.29
55.53
34.05
70.39
82.91
27.03
114.95
104.52
57.6
71.16
54.14
63.52
157.26
88.56
65.96
74.1
62.17
110.93
179.46
67.07
185.38
70.91
71.81
67.75
77.82
73.83
20.76
49.15
46.5
86.42
73.29
119.88
39.39
102.11
106.55
92.34
37.89
100.57
94.38
69.06
51.06
93
94.46
84.16
112.29
103.11
61.62
44.02
36.77
23.69
97.83
75.83
70.78
32.46
26.43
85.51
54.71
68.02
143.88
94.42
131.77
148.96
10.94
23.74
55.13
78.48
15.36
80.07
40.24
149.14
108.66
143.62
16.26
153.06
33.09
51.86
61.1
37.78
26.21
74.81
53.28
137.21
36.45
21.73
74.03
57.39
205.8
68.72
34.93
47.74
55.24
15.32
21.8
41.99
58.3
25.96
61.38
117.11
143.72
72.72
66.2
66
68.66
69.19
39.67
60.7
84.56
50.96
24.52
40.28
86.43
28.98
57.31
12
149.08
82.09
124.41
59.05
27.06
51.53
110.76
92.07
23.53
44.37
44.79
77.55
92.96
81.23
42.96
81.96
75.98
42.45
44.55
115.39
63.33
42.68
41.2
71.02
71.01
32.42
135.43
131.95
42.54
43.43
29.75
41.27
90.26
58.39
101.85
48.19
64.31
54.22
34.52
28.72
27.67
45.94
79.83
66.18
107.87
47.19
26.24
32.48
109.59
83.92
53.52
209.14
72.31
88.03
131.5
83.54
104.85
25.77
6.22
41.03
45.13
168.53
49.59
74.79
100.5
70.9
118.04
168.32
81.28
85.06
95.73
69.72
42.85
60.65
58.16
77.05
63.92
42.89
54.2
113.73
67.34
148.94
60.98
18.62
35.41
36.26
72.87
22.31
53.3
14.01
49.92
47.4
146.89
44.63
66.77
384.11
26.53
57.08
70.09
32.99
6.63
89.83
26.46
98.53
72.8
83.84
76.64
47.21
53.53
55.96
72.03
49.4
92.87
90.14
71.92
54.92
83.97
39.54
135.97
66.27
40.13
35.91
99.59
52.87
83.27
137.89
60.94
161.61
30.58
110.55
68.03
34.32
31.83
117.34
36.76
55.88
112.09
61.46
47.61
97.25
48.83
53.36
58.21
47.74
76.85
48.83
35.24
55.33
44.16
106.08
125.11
25.77
49.66
30.36
65.51
73.32
14.66
59.8
153.29
96.24
104.31
83.62
47.26
50.21
52.68
30.81
43.07
58.58
50.81
51.39
35.86
103.12
90.42
76.76
51.2
33.75
31.1
35.14
60.06
146.17
47.62
57.56
57.28
69.26
74.15
37.4
77.75
61.78
96.36
46.35
72.3
28.93
183.26
38.05
157.27
216.17
51.3
42.95
111.16
60.67
36.23
72.19
117.36
61.33
48.86
83.23
33.65
47.47
88.02
54
176.03
82.74
58.72
99.37
22.14
28.9
63.74
27.12
26.98
77.06
164.07
42.03
121.97
64.32
60.71
65.62
95.89
33.03
88.22
84.94
41.15
60.65
66.63
42.74
69.57
99.38
50.45
127.9
19.94
107.82
67.37
19.17
97.22
105.41
134.41
50.08
31.22
133.24
3.93
15.71
95.48
71.94
59.99
38.76
15.64
93.47
56.81
33.68
385.95
67.8
33.41
24.8
52
45.55
62.2
64.58
52.43
76.99
78.64
61.59
128.01
59.6
74.31
28.58
25.32
61.33
48.11
141.09
89.47
35.75
16.86
109.78
76.65
82.79
64.03
94.39
96.91
118.39
115.94
46.88
68.06
56.17
58.4
161.25
119.07
107.16
102.94
78.29
145.88
40.95
84.11
64.81
147.95
93.64
44.61
12.66
42.24
67.67
123.33
35.73
38.39
28.96
0
56.61
30.34
110.06
33.02
37.61
61.54
99.44
28.72
58.65
70.03
91
73.33
175.42
82.15
46.39
10.27
29.24
37.06
33.53
116.92
168.98
25.06
36.32
50.77
81.26
40.94
69.83
94.26
47.18
137.53
55.65
75.42
48.9
50.46
40.23
166
43.4
99.54
85.7
96.56
101.62
129.76
82.29
40.53
68.4
62.2
60.35
28.62
94.7
235.27
86.02
70.46
87.43
56.15
73.65
99.41
71.33
25.86
192.37
57.61
30.98
52.75
65.86
28.13
225.84
81.33
31.14
42.87
24.63
30.37
39.67
54.48
58.21
92.91
80.84
47.53
76.29
66.19
129.34
79.03
104.56
131.37
18.39
134.66
222.79
76.82
134.9
80.2
164.51
107.2
76.57
39.02
42.56
13.98
59.79
34.49
37.91
77.22
39.64
56.66
16.62
47.42
37.01
52.99
83.5
136.59
40.7
90.7
39.71
26.64
45.28
268.91
41.71
59.3
232.51
58.4
139.55
65.7
57.97
91.75
139.87
63.65
56.88
173.51
34.61
110.97
84.3
98.76
167.85
121.46
86.66
128.21
64.9
59.11
60.29
90.51
68.57
80.84
138.9
42.92
53.17
52.03
62.23
50.71
85.86
33.66
106.98
12.74
13
63.36
184.77
21.55
140.52
34.88
51.57
119.85
89.46
12.52
129.76
93.61
103.11
37.78
65.02
27.41
57.79
123.65
95.29
58.44
56.79
168.43
126.88
54.65
88.08
85.34
61.25
59.75
53.88
17.86
63.23
68.53
152.51
64.49
62.16
121.95
111.24
63.37
103.18
51.3
68.53
70.39
127.46
25.45
181.77
92.26
44.58
41.52
26.62
85.67
94.61
75.58
68.69
92.48
19.94
90.09
94.76
82.33
35.16
66.56
68.2
51.94
131.46
93.53
51.8
78.16
51.28
44.26
17.15
96.93
61.65
64.09
46.13
52.02
81.65
45.1
124.47
38.39
30.68
181.44
116.16
106.09
60.54
82.32
154.17
81.86
67.5
52.32
89.11
54.13
91.64
79.89
119.16
21.97
71.29
46.48
62.32
66.33
40.49
80.11
32.9
51.34
66.82
73.79
33.81
105.51
19.63
64.69
72.93
101.99
196.93
9.85
92.14
45.04
123.93
102.97
140.22
99.77
50.87
42.36
94.5
23.67
61.51
44.98
93.56
29.45
36.75
39.7
78.16
76.9
174.62
127.8
33.13
144.99
116.52
32.66
101.58
80.3
93.15
86.88
24.38
68.34
13.87
169.43
85.6
56.63
13.09
16.47
74.02
54.59
44.48
14.15
75.97
35.43
67.64
35.6
120.54
44.02
35.12
99.82
53.39
18.5
104.58
27.86
94.73
36.68
12.96
120.72
55.49
87.49
77.43
47.35
32.11
85.5
15.42
33.6
47.63
94.58
40.03
143.6
78.46
76.39
51.61
153.58
110.08
281.64
12
35.26
122.19
59.62
42.26
108.67
104.74
87.93
29.16
81.63
34.65
81.3
57.86
44.25
66.97
72.42
26.48
77.59
24.64
70.65
135.03
151.24
85.67
87.64
123.44
51.48
58.47
80.12
84.84
80.17
104.48
100.42
70.75
33.38
50.15
30.17
32.45
54.5
111.8
90.44
103.26
11.61
36.19
66.73
56.13
89.8
134.64
116.19
90.84
106.42
31.8
26.26
108
101.66
125.79
110.4
84.3
33.82
35.73
131.14
44.2
64.96
84.07
162.56
110.26
52.54
80.85
51.44
58.87
96.12
154.43
43.04
62.79
37.8
114.18
111.26
129.01
47.02
83.68
68.11
57.19
83.32
192.73
27.61
117.96
101.27
19.76
60.51
46.56
20.95
26.49
23.82
227.61
62.11
110.51
102.45
35
152.61
62.65
250.64
53.79
20.42
59.41
97.49
168.98
112.07
33.49
67.59
26.04
82.46
133.33
247.6
133.98
25.58
59.96
57.9
108.36
132.9
49.88
100.81
32.62
38.66
76.47
104.51
152.69
46.14
93.37
59.3
86.16
112.3
39.06
95
138.72
8.88
27.38
31.46
10.44
121.45
100.65
24.06
56.7
48.26
25.39
39.08
102.82
75.5
79.19
59.44
90.14
39.71
69.06
36.95
41.42
55.36
96.75
36.66
54.58
64.79
103.18
32.47
95.16
50.7
283.5
24.68
83.88
106.45
174.05
74.23
58.71
119.08
43.82
50.7
51.94
53.18
64.79
110.27
145.69
56.8
33.7
44.07
84.78
55.06
115.47
53.38
90.89
41.98
159.45
28.77
8.94
168.03
59.54
128.75
26.79
27.53
82.41
79.72
50.23
100.4
26.94
28.19
76.59
87.75
88.28
218.9
169.05
121.3
139.63
34.41
36.68
12.99
31.76
98.71
133.66
92.07
42.53
82.58
110.41
39.06
44.75
33.4
52.33
116.13
51.38
68.14
152.54
56.01
43.99
147.83
34.71
70.55
51.47
48.46
88.53
98.43
92.31
83.24
154.06
57.35
40.95
87.87
120.5
92.99
66.98
45.93
90.31
121.82
88.69
24.19
19.12
70.48
83.49
167.27
43.63
84.68
80.35
26
296.46
67.65
103.87
42.67
124.63
69.77
51.85
100.57
54.15
208.1
28.82
58.82
210.55
142.46
94.48
75.85
66.46
40.17
59.02
35.34
29.88
62.21
82.19
84.23
83.39
40.15
72.08
125.84
194.15
66.07
102.2
129.9
153.94
116.1
96.69
28.66
77.52
145.02
51.82
60.58
39.91
67.6
88.93
157.73
131.95
123.9
119
45.97
86.68
44.59
33.31
84.29
27.58
47.93
54
47.77
35.62
54.35
70.74
31.86
44.16
103.36
31.76
68.07
71.53
84.64
54.55
99.01
109.41
91.2
51.59
60.21
98.28
52.09
18.72
38.02
64.86
93.95
127.61
110.95
71.82
45.45
34.89
97.21
15.57
134.21
50.22
20.59
74.96
107.04
11.44
103.72
57.19
59.83
49.44
127.7
33.61
41.39
11.9
117.18
12.39
123.62
62.55
33.07
483.12
89.83
127.63
43.25
84.49
62.11
49.1
113.03
75.48
35.9
137.77
48.64
86.28
52.88
76.13
87.56
113.87
86.37
30.19
13.71
85.31
50.74
114.51
83.21
45.67
54.33
92.1
41.69
23.2
54.23
327.88
75.07
44.18
163.58
55.1
9.09
59.56
119.75
58.16
86.02
40.3
15.47
46.67
59.03
80.53
64.03
39.42
91.51
128.22
61.99
32.48
25.73
109.63
81.54
150.85
96.64
17.57
53.74
36.77
40.84
37.24
18.74
38.91
83.4
65.67
28.72
57.77
77.46
46.84
49.13
98.3
44.32
55.41
30.53
61.5
35.84
59.55
65.38
29.09
85.03
74.41
14.78
43.7
55.3
68.12
79.77
32.48
95.68
154.09
81.56
39.02
105.17
82.78
206.47
189.91
67.4
12.77
110.45
61.96
81.34
85.09
168.23
106.86
97.08
79.67
18.82
21.04
26.54
20.65
105.57
79.92
135.12
211.91
90.37
127.37
86.26
129.54
74.45
79.92
96
125.24
61.4
80.82
30.68
74.19
35.04
92.39
103.3
62.13
91.03
70.26
48.27
103.96
44.16
166.35
88.91
52.32
49.53
47.65
78.29
19.47
96.4
55.89
136.08
101.87
16.43
43.83
111.1
64.87
64.55
89.99
80.25
65.95
175.27
22.26
116.96
73.51
90.83
48.97
70.85
89.11
69.8
55.55
54.53
110.59
82.66
42.36
56.43
55.91
37.85
70.1
35.38
88.81
74.48
45.87
27.6
70.59
59.13
36.91
38.15
82.08
91.32
92.98
44.89
88.26
82.4
40.5
31.86
26.36
52.53
66.53
115.55
27.91
126.16
89.12
61.95
60.43
81.08
56.18
25.22
79.78
77.37
93.66
56.24
58.3
28.37
117.29
160.94
39.44
82.14
18.42
31.57
75.6
95.48
79.21
49.86
84.6
68.68
42.35
34.09
53.92
78.22
104.05
40.28
68.16
36.93
10.45
171.88
98.04
71.44
86.49
11.93
72.28
83.1
84.71
127.46
62.15
85.88
99.05
41.83
144.95
123.63
87.12
81.17
38.17
58.6
64.09
81.18
56.75
152.17
78.95
22.67
59.77
132.9
22.3
51.06
111.69
53.4
85.75
67.32
72.56
69.98
45.28
87.86
52.4
97.5
9.54
96.38
46.51
55.95
73.76
24.12
82.79
81.93
103.96
57.07
40.6
66.49
48.16
3.71
58.08
55.17
30.3
58.71
65.95
23.76
59.5
69.23
76.48
103.77
115.33
69.75
26.01
144.29
51.96
118.19
58.41
28.59
42.61
52.94
83.62
37.75
57.46
168.13
47.87
157.51
18.29
41.21
62.53
115.51
64.07
57.97
80.25
20.75
62.38
25.89
44.4
102.54
100.66
189.89
111.29
35.02
62.27
86.51
52.96
47.75
133.14
34.97
92.29
74.56
68.54
45.68
37.61
98.62
58.47
94.88
17.59
105.5
83.33
75.39
75.05
27.69
70.21
55.32
27.23
53.73
49.9
19.45
79.26
150.7
34.15
43.9
67.8
86.39
21.5
147.26
35.3
26.77
60.84
24.58
106.07
65.27
214.9
47.17
135.74
5.45
118.75
212.69
87.86
57.02
73.67
108.33
35.02
67.82
53.83
105.51
65.11
109.46
36.32
108.56
54.48
55.5
142.88
44.86
31.11
49.08
51.83
52.15
62.14
290.89
174.17
158.06
41.36
136.91
43.52
26.78
216.52
73.52
109.76
113.22
89.34
106.1
77.07
37.13
112.19
127.45
80.77
26.57
32.91
46.21
46.49
96.92
88.21
46.51
97.98
119.48
76.36
66.04
66.2
67.9
73.74
91.31
48.54
65.35
57.33
68.07
95.74
44.46
123.4
27.83
133.49
32.98
24.65
186.43
67.75
37.06
39.86
152.54
42.16
16.36
122.84
65.03
44.81
64.53
55.61
39.04
45.57
75.39
45.06
51.15
100.99
80.63
62.69
91.69
68.39
46.24
109.01
25.52
58.73
35.47
38.8
43.95
27.17
43.9
69.58
236.88
40.39
106.96
133.66
77.05
68.25
103.78
96.42
64.09
111.32
143.51
136.51
158.83
57.09
55.89
88.67
29.47
139.7
174.45
36.95
36.15
30.85
70.56
38.07
138.54
52.58
26.71
63.5
52.27
57.23
99.82
63.15
108.64
131.49
73.71
112.3
201.05
93.89
28.04
281.09
117.25
85.99
101.41
39.94
52.04
50.92
105.35
58.44
144.96
101.72
156.7
108.9
27.72
43.46
43.63
44.19
51.03
28.75
67.65
53.58
90.81
73.94
34.98
66.11
81.72
41.49
21.1
121.42
18.23
78.55
81.05
65.62
115.76
24.84
65.77
20.48
71.24
89.33
47.11
78.75
168.24
34.46
78.4
97.45
115.9
40.47
65.9
65.12
62.46
47.71
71.01
96.88
54
78.66
26.83
218.17
142.91
56.82
21.26
109.72
79.12
125.19
46.75
104.1
44.55
74.3
105
66.68
43.09
99.21
96.97
139.44
98.69
33.2
209.03
61.67
65.76
80.37
108.74
90.23
64.8
25.35
34.59
42.95
61.41
35.89
167.49
49.61
100.45
43.93
79.98
80.63
110.25
35.77
7.6
73.45
16.92
105.19
25.93
72.16
147.38
112.97
40.49
70.91
125.06
35.2
37.61
21.48
126.74
58.26
113.21
51.9
186.87
60.42
132.59
31.8
53.59
23.86
76
15.23
127.66
100.96
40.97
34.5
32.99
75.72
148.53
90.03
27.74
11.29
145.75
148.29
26.13
55.52
40.34
169.72
63.79
97.63
179.71
51.52
14.56
42.19
120.22
29.54
64.81
25.13
32.73
34.85
53.41
84.22
73.97
42.85
51.26
54.23
104.08
72.07
121.99
23.89
64.16
73.93
32.65
116.04
20.4
74.14
94.05
64.02
48.33
25.24
94.91
121.62
116.55
73.45
61.6
38.04
64.12
66.67
62.26
81.9
52.53
49.32
60.12
53.98
32.48
110.98
108.84
111.87
88.59
52.66
38.13
33.79
32.15
37.98
55.32
31.96
34.02
65.41
45.01
71.68
67.11
56.81
82.81
50.02
103.36
63.21
132.95
69.73
185.07
38.42
41.26
91.26
39.76
85.05
175.88
97.25
50.4
45.38
98.5
73.9
161.03
51.23
20.32
58.07
71.56
87.03
303.98
98.83
80.61
51.77
71.39
59.62
102.5
39.12
47.16
85.09
92.86
27.86
57.39
23.09
87.43
37.03
67.52
59.66
42.22
44.43
46.36
84.8
77.37
26.34
51.79
5.59
53.02
52.99
147.89
81.47
57.99
125.59
114.37
52.92
38.63
58.63
55.03
172.18
35.72
18.07
113.48
78.58
69.48
85.5
45.94
51.26
46.33
102.74
87.17
46.16
41.19
149.86
86.42
153.25
17.13
67.49
65.15
120.4
40.95
100.43
84.54
79.14
71.54
94.68
53.91
166.94
33.3
73.07
106.05
89.81
82.18
29.85
35.21
131.97
57.3
123.14
26.25
137.19
58.52
305.62
71.01
95.3
99.49
94.16
74.79
49.17
32.94
36.55
36.86
35.76
34.61
118.41
72.8
44.94
161.19
76.99
239.15
63.56
50.23
55.66
57.51
83.7
22.16
42.32
4.79
78.57
35.84
76.23
12.65
109.73
50.79
74.06
24.51
105.6
116.54
59.71
40.26
48.68
56.97
111.29
58.35
71.34
80.41
61.36
13.58
43.56
64.74
45.34
58.19
63.59
57.53
158.54
122.46
82.49
35.7
54.55
45.54
88.43
139.78
107.49
103.61
44.83
64.03
81.04
32.96
163.53
94.43
45.99
114.64
111.96
57.86
35.75
17.31
28.66
37.1
165.23
32.53
48.2
41.7
56.31
161.72
26.19
43.94
26.18
63.01
23.54
51.98
61.84
73.19
62.08
73.57
83.55
103.41
99.28
41.81
14.44
67.93
74.75
110.57
92.98
57.6
57.55
47.74
17.58
21.68
43.02
130.68
115.57
89.41
41.69
26.59
54.17
66.77
125.5
83.11
105.61
86.36
40.78
99.89
158.88
9.59
75.74
51.32
128.32
64.51
58.37
44.8
60.81
146.29
3.21
45.48
43.02
133.29
61.43
39.91
23
97.35
79.7
160.06
78.91
139.84
51.04
15.28
87
94.49
85.2
23.16
38.66
49.06
13.19
124.94
69.43
98.34
45.49
76.44
27.28
53.86
45.21
159.46
77.66
71.57
72.36
43.4
17.82
46.27
24.91
28.84
34.73
32.51
56.03
39.49
125.23
18.06
150.46
111.27
46.51
35.23
48.13
48.21
97.86
99.53
100.94
79.83
177.69
31.07
46.07
65.96
98.79
162.83
120.98
25.38
11.69
150.48
39.72
59.83
63.51
107.44
45.48
129.31
39.41
42.98
39.07
25.35
110.98
92.14
90.56
101.19
31.18
48.21
31.51
171.26
41.16
64.38
128.39
99.87
47.59
122.97
60.44
79.04
47.96
152.59
59.05
235.2
67.01
78.36
86.71
102.93
51.61
174.06
54.08
76.38
78.39
46.89
125.59
38.28
77.12
123.42
31.73
101.45
38.55
162.58
15.63
103.79
36.19
137.65
57.36
48.8
73.52
58.58
58.99
43.4
95.36
69.26
193.51
110.3
78.63
