43.63
338.13
64.61
55.24
55.11
91.15
42.26
38.09
139.21
76.4
48.91
81.54
25.81
13.11
23.33
46.04
41.45
53.48
65.06
196.71
63.61
80.25
44.57
76.37
46.37
40.84
82.35
41.04
133.14
71.09
109.64
30.91
21.47
77.49
89.7
30.27
81.86
20.57
37.1
41.01
65.25
38.16
95.66
22.25
42.66
50.26
26.86
106.93
100.98
73.68
93.7
69.37
7.66
82.18
74.1
111.62
174.73
43.08
113.12
33.21
118.5
49.11
92.74
63.47
60.11
39.68
56.4
52.7
27.78
27.6
110.26
71.12
62.54
89.66
93.13
132.54
39.85
200.37
33.81
36.39
26.18
47.11
84.15
68.44
61.13
118.84
41.27
140.63
63.87
91.92
89.73
57.65
24.85
11.07
22.85
267.35
147.75
67.95
99.98
96.78
81.99
32.89
87.76
140.95
32.98
55.34
118.75
116.43
46.18
55.97
14.68
40.58
76.27
91.09
32.3
78.43
86.14
78.29
136.32
10.92
16.42
28.86
45.48
104.11
54.51
173.79
66.69
24
62.02
16.5
85.45
21.52
66.64
45.55
35.07
62.11
89.03
46.06
37.52
88.54
87.41
107.36
123.23
68.57
34.19
48.95
86.54
95.48
68.83
93.94
156.99
7.55
138.56
110.42
68.8
107.45
61.57
46.49
117.52
109
54.07
56.46
64.74
113.24
103.22
289.56
126.14
148.78
91.43
83.88
102.62
43.66
42.47
66.6
61.23
127.75
152.67
70.86
101.55
45.42
43.38
97.84
8.64
57.23
112.42
59.13
83.07
23.69
56.08
49.18
41.66
55.13
54.53
18.72
88.02
36.35
64.83
113.2
87.84
106.05
100.56
40.15
61.08
162.29
93.44
37.05
235.42
13.49
98.01
94.59
34.05
52.98
58.4
64.25
120.91
126.18
115.78
94.82
97.61
22.67
59.9
226.58
76.38
75.08
137.92
52.43
51.49
63.03
61.72
130.73
33.62
96.02
103.26
43.76
58.14
36.03
115.27
53.59
57.68
18.25
88.26
73.72
86.74
24.91
35.47
39.97
104.64
66.74
101.49
100.26
62.61
65.79
62.25
80.84
28.82
128.28
220.63
29.19
66.44
58.75
31.64
110.29
51.38
57.34
78.05
66.79
95.2
70.37
117.46
157.49
132.79
23.68
75.42
79.06
56.28
84.49
67.2
70.72
83.51
69.34
16.9
21.54
120.48
45.36
132.03
69.53
68.23
34.08
46.17
38.63
43.24
72.59
40.89
95.43
84.46
121.58
66.48
37.4
18.57
105.13
64.25
38.47
31.06
34.22
81.39
37.51
92.59
83.1
59.68
55.46
65.14
27.52
53.56
107.04
44.82
36.43
23.21
24.68
52.86
64.9
13.52
38.25
85.09
110.84
73.57
85.29
16.62
104.31
87.38
109.9
69.62
34.92
37.19
9.71
37.48
63.75
85.24
53.75
121.43
46.92
44.03
168.03
98.21
33.7
48.54
110.97
77.28
38.71
26.59
45.08
58.93
31.06
61.86
64.47
107.05
108.69
35.32
34.05
35.12
66.22
80.36
68.47
93.05
69.98
111.5
89.12
23.17
65.3
94.27
15.53
54.82
56.09
97.65
63.88
238.11
102.23
87.95
56.94
44.66
39.47
113.93
44.3
34.93
61.37
70.36
92.98
46.72
9.72
52.37
22.46
63.4
18.7
72.75
82.35
99.31
63.9
116.02
62.59
31.05
81.09
36.03
11.96
89.65
29.45
123.7
143.68
42.98
62.69
111.56
37.64
113.69
42.37
57.29
31.03
114.42
82.83
135.79
41.74
49.21
40.45
26.51
64.59
48.97
147.22
40.19
18.21
70.06
185.31
202.85
79.54
78.01
50.46
75.35
150.47
128.96
22.52
118.33
28.64
71.58
67.77
38.44
72.45
70.24
100.87
18.1
48.33
42.63
117.15
36.27
63.67
33.51
187.05
41.47
41.25
58.57
92.11
11.25
68.47
19.62
50.22
23.26
19.25
8.85
39.23
60.55
16.19
73.96
26.25
93.31
113.86
167.61
100.24
80.31
65.76
100.55
88.34
30.39
46.52
33.77
164.37
93.61
67.37
120.05
147.64
102.6
15.84
80.72
85.39
68.99
126.48
113.98
112.58
6.93
29.46
28.53
87.42
68.39
59.84
114.2
129.41
54.64
132.9
72.03
81.12
138.08
47.97
192.67
24.68
76.79
71.81
20.2
32.78
37.4
67.68
51.42
48.09
14.06
41.95
88.52
78.31
103.97
72.67
56.19
78.46
64.24
85.25
86.83
63.84
73.33
94.75
147.44
67.31
67.41
53
35.82
106.41
117.88
45.14
22.79
77.02
36.26
54.29
118.63
37.14
39.17
12.63
65.12
89.06
31
65.49
47.9
31.39
79.83
27.57
20.74
44.61
105.28
79.76
55.06
120.11
39.82
65.81
67.75
71.6
69.75
32.99
45.56
57.37
36.36
29.67
54.3
19.9
86.44
74.44
59.75
17.42
44.03
89.49
127.87
55.04
32.92
20.19
44.87
40.21
57.96
49.91
54.23
60.23
21.46
102.56
64.68
87.49
204.4
55.05
56.31
64.57
60.31
179.63
66.88
133.77
36.45
34.75
36.97
86.44
41.58
56.33
83.81
48.9
64.82
38.64
44.47
106.76
69.82
87.62
79.34
68.76
43.18
78.36
46.64
67.66
106.82
61.52
58.57
67.94
60.99
179.19
125.46
319.84
51.74
59.92
74.16
55.17
54.53
58.88
81.87
129.98
53.41
70.74
32.14
53.49
54.79
45.56
99.8
83.95
7.18
39.75
43.9
118.98
20.43
36.01
28.45
77.48
66.83
68.14
49.59
133.52
86.58
19.17
25.81
32.2
55.57
38.4
17.05
39.5
127.08
107.19
77.92
21.05
14.31
67.42
107.23
21.66
87.24
97.84
25.32
127.19
51.37
49.92
60.33
97.64
106.13
67.82
94.34
71.65
94.71
78.95
99.59
117.87
61.74
41.34
99.38
78.09
9.22
38.69
75.13
61.14
85.99
42.46
17.62
56.56
8.06
14.19
34.42
24.85
55.22
94.88
37.98
124.72
100.53
73.98
137.39
80.89
119.21
34.22
52.38
114.52
91.58
14.19
28.19
44.24
59.58
72.96
51.58
20.36
60.94
45.13
42.65
47.62
44.56
82.05
86.89
96.73
53.15
132.4
44.42
57.57
90.51
70.17
20.3
42.09
66.9
45.67
79.6
58.02
56.91
118.74
34.21
193.93
101.19
110.72
22.14
62.03
69.07
37.56
62.77
73.67
29.71
46.77
90.06
45.82
108.21
59.08
92
37.09
29.66
79.89
13.23
71.93
122.33
64.92
90.62
43.05
76.71
72.22
50.63
76.15
79.86
62.53
38
104.01
8.09
87.78
31.55
68.44
69.39
94.7
15.75
62.9
62.77
55.7
43.73
49.55
58.35
43.98
61.04
78.94
83.29
37.78
132.26
32.59
100.6
77
66.95
15.48
68.73
232.55
81.22
93.36
34.95
75.29
35.65
64.77
48.23
128.6
120.8
74.01
53.69
68.7
152.29
28.21
55.59
56.51
85.27
62.27
101.81
139.26
114.95
80.31
17.72
107.03
52.7
155.49
127.53
63.11
53.09
81.64
122.9
101.92
37.74
50.29
65.26
80.28
21.36
16.14
188.37
115.76
92.79
68.27
46.86
28
47.51
95.19
81.04
48.11
154.16
18.56
82.09
73.9
70.41
75.34
25.54
86.16
30.54
66.45
54.95
108.89
47.51
26.74
21.59
89.79
72.55
127.81
45.52
80.31
75.07
47.75
52.67
139.51
23
41.77
68.09
35.44
40.61
29.51
62.4
84.84
61.91
27.03
50.17
31.68
81.33
21.21
51.02
22.86
48.96
85.31
101.34
84.08
34.63
38.79
105.1
35.12
0.65
32.92
7.9
106.81
116.92
134.92
99.59
10.75
58.69
82.16
77.39
69.41
88.15
52.71
105.56
74.06
65.3
131.67
109.22
63.02
64.08
115.69
38.77
206.27
89.62
113.36
58.79
89.12
124.94
124.91
211.31
22.53
56.22
43.4
100.83
48.76
27.33
32.26
35.58
52.07
45.17
25.41
35.95
61.97
45.93
28.99
99.61
74.16
71.33
54.4
30.71
82.26
145.49
86.1
22
39.19
35.88
163.08
120.43
87.38
103.88
78.55
73.99
132.16
82.61
37.22
93.07
50.3
55.74
64.87
17.78
64.36
58.82
51.74
83.78
98.94
30.94
120.43
165.52
21.01
54.18
74.41
189.9
39.83
87.75
86.25
23.46
71.2
52.47
101.64
102.49
56.71
84.66
64.35
117.8
108.44
42.92
71.92
68.99
66.44
64.44
22.58
51.05
24.37
76.57
51.41
88.08
44.93
148.25
119.72
23.31
113.18
52.59
96.91
27.62
86.13
58.97
49.76
232.05
37.16
71.26
63.18
24.95
165.31
156.72
37.32
56.94
138.28
89.2
20.08
80.05
65.68
43.32
92.2
65.5
165.44
46.28
51.94
56.82
56.83
126.94
242.36
79.31
52.58
57.49
95.02
113.91
49.03
45.79
68.78
96.16
59.26
47.74
66.86
84.46
86.61
108.03
128.73
63.76
98.42
13.94
34.32
9.9
112.2
28.24
99.39
95.32
82.68
198.05
35.17
75.41
46.3
70.61
31.07
56.05
66.14
162.9
156.26
84.49
39.4
21.77
59.64
51.57
149.03
27.99
69.06
53.74
46.28
37.26
149.09
163.24
11.76
19.71
24.25
258.13
56.98
15.4
26.88
159.93
55.59
77.16
56.87
101.16
15.17
94.72
138.55
34.82
93.44
76.54
81.89
55.92
31.68
47.16
50.69
85.94
67.89
119.67
179.56
59.92
85.82
119.29
64.08
75.15
86.98
30.89
103.56
63.36
71.85
36.24
58.17
34.48
20.07
79.44
69.14
28.93
93.83
74.7
95.79
138.26
43.9
33.42
48.89
49.84
61.9
57.4
46.59
81.78
57.91
142.55
135.68
31.28
176.25
62.37
74.71
29.09
44.7
38.12
100.55
64.28
32.26
131.45
61.17
47.37
29.57
46.19
55.93
44.17
26.36
65.87
90.35
40.33
65.56
47.22
96.91
72.02
46.74
77.5
34.54
15.96
66.64
141.73
86.13
39.34
39.37
198.96
23.04
119.07
61.6
115.79
113.4
13.74
43.84
24.25
92.32
14.05
70.08
52.93
32.01
29.8
95.9
52.06
44.69
14.35
82.95
22.15
63.58
104.53
269.28
40.31
49.85
52.48
68.82
118.04
179.54
115.5
115.05
41.55
91.87
196.34
132.98
152.72
76.62
53.43
40.78
23.35
94.67
16.04
142.39
25.16
82.3
39.91
34.33
70.33
39.22
105.86
17.04
95.93
98.34
83.93
34.54
86.75
70.9
65.92
105.73
86.13
90.92
99.1
60.07
83.34
133.74
85.21
74.77
79.81
66.68
69.74
89.11
79.78
82.92
24.63
62.16
122.45
77.31
37.9
33.99
206.69
27.19
61.56
35.91
73.66
92.38
24.64
47.59
65.2
53.37
171.84
44.2
79.01
48.2
134.12
29.74
28.15
100.64
39.79
31.97
91.12
110.14
71.85
46.58
38.73
54.52
118.1
80.16
51.63
37.78
60.24
43.13
105.3
77.4
56.82
207.72
86.47
133.24
29.19
88.52
55.51
61.43
12.53
63.79
89.28
62.4
86.85
109.83
77.18
15.1
105.63
21.28
103.14
55.95
100.39
101.85
56.79
46.2
26.11
55.95
70.41
19.32
79.12
109.55
91.41
59.38
141.51
64.73
61.53
63.75
142.19
78.87
32.91
42.85
93.57
53.61
64.5
7.88
126.23
90.46
94.06
41.63
77.01
105.49
65.46
48.19
87.67
28.93
66
40.99
59.39
33.21
74.81
57.68
29.78
91.25
59.4
206.45
36.12
47.87
79.26
23.13
46.41
29.32
91.84
49.58
164.06
77.99
88.69
117.56
18.66
68.53
102.51
49.12
71.3
48.49
56.71
57.49
42.05
130.33
83.79
23.39
67.88
64.26
37.63
83.26
188.68
53.03
118.45
100.48
119.78
51.5
47.77
48.86
130.5
78.89
47.3
46.58
23.3
59.56
54.54
102.96
75.06
38.8
36.92
50.41
116.24
12.17
19.16
174.85
50.62
46.68
75.03
60.26
52.12
111.18
67.4
55.56
50.08
121.25
98.45
96.21
92.78
73.1
27.9
75.96
45.12
91.22
136.76
93.64
56.32
86.91
158.47
69.02
38.36
95.96
20.14
87.24
34.68
50.82
71.88
61.26
55.37
39.66
105.36
36.46
113.55
33.06
153
98.1
83.35
90.45
68.88
35.54
50.68
18.69
29.42
58.54
65.32
50.21
89.29
129.2
123.33
41.8
36.06
76.9
42.13
145.52
80.2
153.54
80.7
98.57
13.65
213.1
54.96
118.46
75.42
60.7
64.12
30.27
24.72
97.96
71.62
48.13
34.31
114.99
68.98
8.64
68.36
20.4
56.81
68.88
82.03
79.13
132.45
313.76
26.3
311.88
45.85
75.53
56.77
65.57
82.07
65.44
18.07
225.68
127.37
73.44
42.41
111.06
85.42
74.44
57.35
32.54
5.02
91.63
58.58
242.02
164.74
30.06
52.48
54.82
86.08
94.6
53.63
53.55
39.28
166.72
103.03
66.01
85.57
42.25
66.74
152.51
92.55
17.37
44.26
41.96
42.75
115.11
58.84
71.93
38.14
58.81
40.63
102.54
220.36
65.09
117.06
81.12
32.04
39.59
248.24
70.08
50.65
91.66
73.94
53.31
319.85
72.18
108.25
111.54
61.3
18.09
31.73
55.5
46.3
55.09
110.67
44.54
101.57
20.71
96.71
110.56
107.46
67.4
48.64
45.46
35.77
58.28
20.95
114.9
121.54
94.98
28.97
29.32
57.4
83.06
108.22
110.22
52.32
56.77
103.89
58.64
70.08
74.65
44.34
69.64
30.02
155.14
28.12
73.98
127.9
45.63
34.15
67.87
70.98
61.16
68.61
43.76
91.76
59.8
79.21
47.29
26.8
133.74
31.41
54.21
197.9
91.53
74.32
59.32
64.57
80.38
48.84
113.44
109.4
67.06
74.46
165.1
50.49
49.14
137.17
90.01
67.73
69.55
73.4
30.69
45.97
16.14
75.52
44.59
48.26
158.48
66.47
94.26
58.14
85.61
17.45
63.54
84.28
41.39
35.83
113.5
124.3
68.16
47.35
44.64
152.91
303.76
22.68
36.85
70.62
119.71
48.57
111.73
69.46
65.27
93.98
72.61
68.21
65.52
44.07
45.69
53.36
33.48
35.78
60.43
51.63
81.79
49.83
44.32
136.8
30.72
103.94
121.1
30.63
50.04
51.27
40.78
28.5
44.8
108.3
102.01
45.43
79.09
27.28
106.6
61.16
87.53
159.85
36.31
66.39
197.04
25.51
50.81
92.19
109.33
29.96
16.87
25.8
60.02
51.94
68.31
202.78
26
122.77
57.29
37.22
96.83
64.86
73.14
97.64
14.75
51.38
74.8
60.8
81.93
56.89
121.44
30.82
60.92
40.51
61.96
85.29
67.57
74
97.51
45.45
69.02
29
77.19
56.29
48.78
59.64
63.16
162.43
84.64
140.09
67.07
58.42
159.64
82.73
29.31
68.35
89.49
71.7
120.58
48.96
43.33
23.03
141.74
87.15
51.41
93.57
91.44
117.87
53.77
35.59
54.63
61.64
97.93
71.13
109.85
77.68
73.04
78.26
40.35
24.94
84.2
182.44
138.95
133.75
66.61
39.35
50.11
31.77
89.1
113.73
79.47
71.88
34.66
94.28
182.51
154.36
64.3
52.34
73.16
53.3
23
120.51
188.35
61.67
46.93
81.34
178.33
36.47
97.07
53.23
44.6
21.56
104.1
83.11
13.34
88.06
93.8
82.31
56.34
42.96
84.9
53.86
84.73
59.37
54.75
245.27
207.22
274.48
41.15
103.93
69.11
104.83
113.26
242.42
22.92
9.96
36.03
66.3
54.7
77.98
59.14
73.59
84.58
107.14
81.38
62.35
47.21
82.48
178.66
147.48
96.64
167.88
247.66
22.19
28.69
28.89
72.02
65.22
80.07
59.52
92.14
104.33
25.05
62.54
46.02
44.22
57.71
48.25
55.53
23.05
66.38
54.88
123.74
75.39
73.81
58.31
78.8
65.64
36.96
82.02
16.5
188.28
50.41
37.93
84.37
46.96
95.15
63.11
99.18
47.79
34.03
116.27
34.81
66.92
209.16
65.88
95.87
109.82
45.78
75.05
118.4
9.3
113.6
95.32
44.89
93.16
73.22
68.32
112.42
66.4
62.06
32.12
71.65
46.71
106.62
111.8
34.51
57.23
15.02
118.98
49.78
91.23
90.69
65.1
20.65
108.65
106.14
35.55
102.28
67.05
59.99
153.05
121.53
67.39
105.84
25.58
208.55
71.27
91.76
92.97
36.33
25.67
92.64
82.89
111.01
60.11
97.88
126.02
42.35
239.04
4.14
116.58
100.1
15.6
128.39
73.53
123.39
9.73
82.76
47.73
111.07
41.19
134.56
98.31
97.91
80.13
71.8
91.16
76.49
77.84
24.98
49.67
58.9
59.99
119.03
80.48
14.91
171.42
64.6
128.93
101.88
36.05
106.43
47.13
108.15
67.35
146.47
26.12
69.9
396.27
111.74
122.22
51.54
85.29
161.63
38.36
122.66
119.95
89.71
105.93
45.41
98.06
105.2
39.2
75.06
78.95
100.89
75.03
125.51
58.78
178.27
56.47
68.53
36.36
43.82
147.36
63.31
63.34
35.18
50.97
18.95
94.79
115.61
164.89
134.72
91.48
94
70.53
54.82
50.89
52.35
65.99
106.69
58.57
62.4
16.4
16.25
65.37
84.12
23.33
109.95
110.66
66.22
81.17
104.96
156.17
12.88
77.68
108.92
29.55
129.65
62.17
20.72
56.37
118.52
100.37
48.93
88.51
93.56
90.22
44.47
98.5
32.04
66.62
52.34
104.23
92.44
75.95
4.98
71.42
59.59
82.6
50.85
56.17
87.66
16.27
140.81
40.17
98.42
67.03
37.76
72.43
145.86
12.59
128.79
98.13
43.72
60.43
46.31
184.97
43.34
53.4
17.36
59.42
62.47
78.9
21.3
63.74
74.2
69.7
48.14
180.6
73.23
90.16
206.23
126.72
92.47
54.25
37.81
20.64
35.24
61.6
34.42
68.26
97.42
66.44
122.31
28.08
149.38
46.84
102.74
204.18
12.46
44.9
80.29
55.51
50.18
113.49
21.17
57.79
60.26
58.94
26.18
64.85
24.16
13.46
103.06
41.33
48.05
77.65
53.41
77.21
67.36
121.56
44.95
63.71
144.19
28.35
78.86
35.28
39.37
46.28
95.21
40.45
37.85
42.51
48.16
86.92
84.33
129.6
29.62
16.38
12.79
133.07
28.36
88.38
87.21
60.74
87.78
179.32
65.8
136.77
57.91
46.52
46.49
56.06
13.89
71.57
76.18
17.04
58.85
19.2
71.52
157.04
130.95
161.55
54.59
75.46
51.07
11.62
60.6
46.59
61.96
67.36
145.95
55.62
57.06
79.55
138.99
29.54
124.92
58.35
36.96
116.6
88.46
40.14
38.73
56.54
83.09
85.07
101.84
110.34
2.52
49.21
142.85
79.7
43.25
56.95
35.6
350.53
10.01
43.13
60.96
87.5
50.61
55.94
60.4
78.05
36.38
177.69
71.5
112.08
109.76
99.28
62.49
49.51
67.93
98.89
47.87
56.08
10.21
97.62
101.84
32.86
72.45
48.81
53.97
101.68
52.02
63.02
55.07
53.81
124.8
142.77
68.55
161.5
59.34
92.54
96.15
95.93
104.15
28.57
47.74
85.95
87.77
54.7
96.43
17.16
118.56
90.03
105.82
43.28
99.67
142.18
63.66
67.08
84.98
93.18
161.48
59.54
90.91
32.26
24.19
36.33
12.44
90.83
75.91
63.42
34.59
48.13
66.68
91.03
92.31
135.03
32.4
89.58
130.1
20.82
33.48
48.46
116.06
56.93
108.57
52.83
119.72
98.04
96.46
29.37
188.19
55.25
73.86
69.58
97.29
47.94
54.32
116.66
86.06
48.65
17.84
70.03
53.27
162.21
42.74
68.72
89.11
31.02
40.52
54.22
20.08
50.02
27.04
63.77
112.36
126.43
82.42
57.85
61.64
85.3
79.01
92.99
63.45
51.08
71.9
26.27
32.11
81.15
26.76
70.5
12.7
103.75
86.26
165.27
45.57
37.57
12.88
84.26
179.1
11.33
62.79
53.58
67.66
99.62
93.04
105.55
79.87
41.76
34.99
22.52
93.49
80.67
23.28
70.52
98.61
72.75
23.42
173.3
91.54
54.3
45.52
15.47
92.4
99.54
66.71
145.78
44.47
59.7
24.27
23.75
62.17
43.35
33.79
139.36
51.88
113.39
23.12
14.65
25.97
65.39
76.5
67.46
157.59
42.72
71.66
77.88
76.65
91.1
35.55
14.75
81.17
52.48
157.5
69.07
69.36
126.04
60.36
68.97
110.7
47.64
128.84
103.4
55.04
29.34
36.6
51.33
88.13
54.84
27.91
62.18
101.04
28.25
121.7
87.19
17.4
37.3
35.8
56.53
21.63
65.77
29.49
81.15
17.87
107.17
85.21
50.03
291.03
40.34
85.67
46.38
42.14
26.37
72.86
9.96
128.9
248.14
79.99
92.3
35.3
96.9
94.98
59.57
29.34
139.98
70.13
96.26
50.29
58.76
76.95
87.76
33.92
40.32
49.8
96.16
32.79
119.37
111.74
102.62
206.23
30.2
64.83
78.45
55.3
13.9
56.83
67.87
39.63
66.94
50.35
31.7
113.12
66.25
45.21
63.46
32.24
65.29
35.75
31.58
53.84
37.5
104
126.63
18.73
38.7
54.08
35.7
76.63
31.41
123.24
81.62
57.79
83.87
71.46
86.99
110.76
47.28
24.4
43.35
242.32
109.9
58.15
35.25
75.7
154.82
52.22
70.48
35.26
21.34
45.7
71.81
123.91
55.42
40.82
49.32
78.38
52.56
85.92
132.22
30.58
111.56
129.04
60.22
53.08
107.13
32.82
102.17
147.22
77.76
68.42
115.53
57.12
31.56
51.5
70.93
35.8
37.88
73.33
30.27
65.23
55.99
73.18
145.28
54.43
53.14
88.73
63.9
13
66.07
30.52
12.88
69.15
105.07
67.28
107.47
56.83
47.34
109.25
60.24
56.04
56.97
68.5
32.26
43.59
56.07
29.74
198.8
84.85
50.96
88.41
29.42
72.68
53.8
54.5
72.15
74.53
143.01
79.8
14.03
138.61
15.86
54.66
116.61
80.12
81.61
48.05
19.08
87.25
63.18
37.73
348.71
99.42
24.89
64.64
73.63
39.75
71.52
47.7
43.27
94.62
50.07
57.29
110.93
46.44
89.51
19.93
29.14
73.7
60.8
110.81
97.54
49.74
17.51
92.58
90.77
60.89
110.81
89.36
173.96
89.31
78.47
35.46
43.55
53.27
21.02
148.93
127.9
82.27
139.91
127.3
110.21
33.51
61.08
57.95
144.78
56.16
27.23
3.91
82.97
111.94
111.2
41.48
41.83
31.28
0
39.21
29.25
86.51
51.98
54.78
120.73
80.73
12.48
53.83
97.02
61.39
68.95
143.35
60.36
47.05
26.46
42.03
40.47
40.81
85.47
123.03
41.14
75.21
50.89
83.16
56.38
68.91
152.71
55.76
112.04
87.79
107.52
58.74
41.34
37.88
137.47
52.36
109.73
67.02
62.34
62.41
150.26
117.47
40.49
38.99
96.77
79.23
50.55
113.94
188.11
88.23
55.88
70.07
44.77
68.13
68.25
70.79
13.65
129.13
93.07
40.75
46.23
76.49
29.8
200.62
44.03
49.63
45.1
36.39
113.77
38.52
85.3
113.16
76.9
72.78
34
52.78
76.01
59
92.3
71.71
139.42
33.65
159.06
228.01
121.36
88.25
109.72
94.69
110.82
18.38
32.99
48.34
39.72
39.62
30.03
54.36
46.86
82.86
40.26
15.5
41.61
76.79
54.47
94.76
82.97
69.79
117.91
46
45.75
79.32
186.42
46.02
83.63
215.11
49.74
92.07
37.65
51.38
139.34
107.43
92.87
51.14
128.09
56.91
96.65
66.44
67.64
112.66
184
85.7
92.96
75.07
51.03
33.01
51.51
68.12
62.54
147.31
69.99
50.97
34.13
65.29
41.68
67.53
50.7
120.59
39.87
21.38
42.38
94.73
14.02
116.97
63.12
64.29
83.09
84.62
23.98
115.68
58.87
132.19
18.29
69.82
46.44
28.86
141.67
72.59
139.4
101.37
141.91
104.48
62.63
96.67
122.89
72.1
37.15
46.65
41.76
421.64
33.66
135.61
57.41
77.66
279.97
140.02
43.42
73.22
30.52
44.43
138
111.38
70.19
109.02
82.22
40.28
73.28
15.33
62.24
67.75
61.61
59.13
49.51
44.65
106.36
50.34
85.93
56.08
45.92
143.41
40.67
79.16
80.91
36.61
63.23
120.52
36.3
9.1
112.14
51.61
41.91
37.74
26.54
110.9
50.04
89.28
68.05
30.15
112.94
137.95
119.04
57.92
68.29
106.21
59.48
71.34
69.89
112.38
67.68
85.27
56.73
97.14
33.81
50.53
50.97
77.32
85.05
103.2
96.02
41.37
98.36
59.51
55.59
16.58
119.66
76.62
54.62
103.82
92.66
45.24
20.39
61.23
56.09
82.72
79.09
166.32
121.06
69.52
42.89
82.74
71.74
92.41
30.29
61.27
48.43
16.78
45.8
173.15
98.05
122.7
33.72
57.61
160.16
69.69
39.56
62.45
46.25
45.28
46.93
25.59
63.45
29.84
88.3
70.44
51.13
49.36
46.11
137.36
62.64
54.5
20.28
90.25
46.82
33.98
45.06
132.19
40.43
20.26
33.17
38.79
41.42
57.88
38.26
73.11
45.62
23.84
71.5
74.62
141.63
63.67
72.26
12.32
79.85
8.36
14.56
55.45
96.77
24.83
89.25
100.79
74.59
46.09
153.47
132.95
194.94
29.8
36.53
87.08
48.39
77.95
118.21
67.48
121.55
61.47
80.52
53.08
65.78
51.09
46.13
70.29
47.11
51.36
86.87
22.48
98.47
135.46
90.25
139.48
75.05
52.65
80.95
60.46
81.43
56.75
134.15
119.43
117.43
86.27
33.44
142.03
89.08
37.99
85.05
46.62
65.7
96.67
35.84
29.58
93.79
66.1
65.42
88.31
103.34
88.29
71.54
13.66
18.55
72.27
32.73
79
83.74
93.46
46.02
26.09
109.49
43.02
70.66
90.43
163.79
142.26
96.18
76.93
41.28
81.72
83.04
69.99
28.18
57.32
59.49
101.78
67.24
208.36
60.28
53.6
65.06
40.7
83.28
76
30.88
98.64
96.43
12.9
39.13
15.45
34.91
21.11
54.65
178.67
53.66
144.28
78.33
72.66
146.28
57.72
126.7
29.35
16.54
66.03
130.24
173.21
125.43
13.8
84.14
94.75
151.09
93.1
216.84
167.41
71.42
43.49
51.79
151.93
100.68
66.85
66.29
60.16
46.24
61.38
99.3
182.25
47.82
74.18
43.37
85.63
64.52
50.8
136.68
160.09
16.89
11.8
57.61
13.05
131.63
93.62
26.2
44.16
41
52.23
54.1
43.35
85.83
56.56
90.84
43.85
34.94
52.93
122.37
39.84
84.94
89.83
90.78
50.38
82.73
87.84
18.25
68.8
47.45
656.53
60.99
61.43
94.94
134.15
73.3
39.44
122.19
45.92
37.11
69.06
63.42
76.4
116.69
103.79
74.83
76.3
57.2
61.86
47.63
79.49
67.94
83.86
65.82
66.09
58.82
14.09
111.92
64.78
81.62
40.54
17.72
64.88
45.19
84.96
100.67
47.57
40.69
58.06
43.92
104.73
190.28
143.55
120.49
103.2
45.65
59.42
18.36
48.93
63.75
116.26
80.15
42.81
89.97
102.62
34.48
39.83
139.68
59.45
82.06
42.94
91.96
103.68
73.86
96.32
109.09
25.11
70.24
71.18
28.01
83.14
112.62
116.62
71.66
103.33
59.9
42.04
71.52
57.93
71.64
89.74
58.37
108.45
118.01
66.03
51.09
18.52
25.45
64.53
156.32
42.47
60.18
51.15
20.48
166.23
57.27
90.95
62.29
205.71
80.07
43.8
67.38
58.55
135.08
27.49
78.79
102.83
114.24
69.39
81.2
55.47
38.09
54.33
36.46
100.79
85.86
99.61
157.87
110.68
64.2
51.25
68.11
85.05
40.72
96.66
71.87
126.1
90.32
77.09
34.76
70.21
121.85
34.3
74.07
36.4
51.72
161.45
108.53
147.65
71.46
109.86
38.8
56.19
57.01
56.98
95.1
19.72
139.27
112.62
34.8
50.11
71.19
76.99
27.12
31.71
101.68
35.3
48.32
102.85
145.32
41.34
60.96
71.39
105.62
73.39
64.95
101.2
25.47
51.06
71.13
62.16
67.69
98.03
121.35
178.86
42.85
47.79
98.35
26.81
75.91
49.05
34.86
61.21
177.94
23.86
80.02
45.64
49.43
65.79
105.04
41.08
60.69
18.03
58.29
46.61
81.15
137.37
53.97
296.24
165.05
99.13
57.17
171.24
83.01
38.9
135.71
83.98
18.14
83.49
34.49
64.44
42.45
73.33
63.3
106.85
83.29
32.8
24.65
82.77
38
131.91
65.36
52.18
44.98
100.06
34.51
59.6
48.05
308.21
80.8
59.82
114.58
53.08
30.44
123.59
124.34
32.78
101.26
48.62
15.04
92.18
96.59
94.01
32.73
49.63
96.88
115.53
28.43
57.96
52.4
110.53
106.53
147.29
197.34
27.14
57.69
57.69
57.16
19
21.24
35.3
106.58
100.49
82.45
33.61
34.88
52.85
75.7
101.02
42.94
18.14
72.96
54.37
58.41
46.62
56.7
39.71
63.73
76.36
23.08
24.41
60.1
66.09
63.79
45.32
122.56
96.66
83.13
57.43
146.13
60.5
132.17
76.66
69.27
14.4
80.18
70.79
65.25
88.62
162.72
147.74
85.25
74.32
33.19
14
28.45
26.8
102.56
51.12
128.61
174.28
131.59
102.98
48.31
57.32
95.73
76.13
134.9
105.45
74.9
89.39
77.85
83.78
37.86
68.59
98.98
48.93
45.93
65.98
74.47
99.42
67.73
87.55
62.49
51.62
85.58
124.36
89.01
34.76
48.49
54.37
103.01
185.84
53.98
84.62
77.72
53.32
90.82
83.61
76.16
58.93
133.9
109.08
167.27
58.65
88.86
44.98
52.16
75.98
36.74
87.47
87.54
103.43
82.81
39.02
48.9
109.46
38.18
64.46
87.66
74.39
68.61
79.85
11.76
63.42
57.97
100.83
53.08
54.58
71.13
75.7
43.27
65.93
66.66
35.92
33.35
40.85
43.72
46.15
87.03
99.59
112.68
88.94
48.85
89.32
53.46
55.56
29.6
91.36
62.76
100.8
39.2
55.74
23.43
83.77
169.33
45.46
187.55
32.9
22.49
59.34
90.49
93.07
66.04
43.3
41.16
47.75
67.78
120.8
216.34
70.19
21.82
98.34
16.16
16.41
172.63
127.42
53.16
89.35
15.56
38.3
86.44
152.94
87.33
105.23
77.5
89.93
47.3
131.91
65.86
114.06
52.24
60.32
70.23
53.5
80.15
80.27
133.57
47.99
55.86
87.97
136.31
17.23
103.03
114.4
48.56
75.32
71.58
81.74
61.88
42.61
64.25
54.33
31.39
53.66
94.76
42.23
58.01
84.28
87.77
62.82
77.02
79.03
65.7
79.14
120.34
68.22
7.33
20.21
45.19
62.71
52.81
31.07
12.45
103.87
163.74
67.61
96.91
66.44
43.73
24.27
86.08
47.66
146.06
35.92
27.52
49.96
37.63
50.17
79.06
68.63
113.93
53.84
88.61
19.19
30.64
90.05
66.44
52.5
58.12
87.38
9.85
48.58
17.34
49.09
89.71
68.72
108.54
138.92
16.51
133.98
106.59
60.71
48.24
162.96
33.67
75.68
56.62
52.39
70.37
34.86
67.13
64.98
61.56
21.75
97
66.1
108.74
60.07
37.05
57.59
49.66
83.22
55.93
53
59.97
65.47
128.35
62.63
29.52
43.5
90.52
13.89
107.05
45.1
23.83
70.91
42.72
76.96
85.64
557.87
99.76
137.35
3.05
76.71
112.55
76.09
80.89
60.03
100.36
41.91
65.76
51.34
66.2
57.14
57.33
44.11
89.14
58.54
59.38
116.75
30.47
114.69
35.56
66.6
59.61
46.79
263.22
147.76
114.5
47.04
108.43
100.27
42.9
167.87
119.38
152.79
102.85
48.94
82.59
57.82
52.98
74.25
73.28
79.04
44.09
18.03
45.9
38.37
54.51
74.25
87.39
77.92
66.35
97.24
43.6
56.29
36.49
65.39
84.48
74.3
51.23
42.11
88.27
64.45
56.91
92.97
45.09
61.72
41.4
51.02
223.62
60
49.28
15.76
88.6
39.41
19.64
92.98
58.59
44.22
59.96
47
47.73
51.7
112.66
33.85
84.07
127.01
88.65
46.82
54.8
75.52
27.63
105.81
23.41
56.85
17.04
26.91
62.84
95.1
50.17
95.93
153.28
26.46
81.75
116.03
65.7
86.1
112.76
58.53
65.08
74.71
202.77
95.21
187.1
70.29
40.4
73.64
30.91
111.33
129.67
38.27
47.02
85.51
63.67
62.7
78.88
41.57
52.34
66.77
76.76
58.69
58.75
51.21
89.28
106.73
62.24
84.73
152.72
104.45
24.86
247.01
136.33
63.75
64.4
30.02
157.82
67.23
75.02
41.88
141.35
105.86
141.31
154.47
47.61
33.8
64.8
71.58
67.28
36.57
60.71
47.64
86.72
112.65
123.62
78
86.82
65.72
62.61
104.17
19.97
70.83
112.79
109.67
119.86
9.9
97.92
23.9
54.3
77.58
59.06
63.46
176.42
121.89
67.52
89.7
180.41
31.17
57.53
92.89
61.72
67.2
43.57
63.17
57.42
99.49
54.27
122.03
164.13
68.93
24.72
62.55
32.59
96.37
36.26
86.87
45.25
79.46
95.06
68.15
46.97
112.56
74.05
102.27
69.73
37.66
143.57
59.13
96.62
94.39
138.49
50.85
138.21
34.61
37.2
42.64
61.94
58.53
215.28
53.56
45.48
36.79
61.48
69.42
67.24
32.51
16.43
94.07
45.47
95.57
33.13
66.6
173.45
118.61
37.22
70.41
82.06
81.68
54.58
55.65
93.89
69.89
99.32
50.51
53.51
73.08
120.17
35.19
37.67
53.68
96.64
36.12
113.72
96.5
61.1
33.66
92.16
86.13
100.85
138.85
46.06
34.21
143.62
116.95
39.25
62.09
43.47
117.52
36.89
76.03
88.42
34.52
29.8
46.17
119.72
12.95
63.27
36.94
82.17
13.65
87.15
88.39
94.3
57.94
52.24
49.3
140.37
77.05
103.3
30.61
38.54
117.45
44.7
114.77
8.85
105.62
63.24
60.04
75.76
45.31
56.42
101.96
108.68
51.8
110.98
28.47
56.01
73.31
74.76
77.11
43.49
62.69
48.6
136.1
48.77
97.92
63.23
87.05
97.1
107.21
76.28
31.62
23.85
16.65
38.42
40.75
28.71
102.58
17.7
98.16
40.46
53.35
82.28
74.43
134.6
52.42
107.34
73.99
146.99
111.31
45.71
90.56
42.79
59.34
141.53
87.56
44.73
63.49
69.03
85.67
61.12
35.59
23.06
23.83
61.04
107.82
196.6
80.84
52.92
48.79
109.16
53.59
121.98
88.77
79.99
54.08
82.1
39.65
33.99
36.36
53
45.7
97.48
43.34
40.83
64.44
49.95
46.49
115.54
34.38
76.43
4.64
67.31
125.53
139.41
57.2
72.21
123.1
16.82
97.16
40.82
86.82
76.24
87.51
56.33
20.97
102.23
47
82.28
65.82
120.98
147.86
56.1
100.79
132.45
42.79
58.89
132.8
67.37
170.61
33.43
62.66
68.07
81.58
25.9
93.3
96.09
66.57
70.53
66.36
25.16
96.92
13.77
48.93
93.42
97.17
62.71
35.06
15.19
114.88
32.51
191.66
15.95
106.95
64.34
199.03
58.07
78.64
69.76
102.08
96.45
75.55
68.19
43.84
34.42
55.91
47.9
88.58
120.92
40.12
119.37
40.38
111.52
74.16
49.13
79.63
29.45
60.26
26.24
80.08
14.71
42.03
31.26
67.08
28.39
114.1
74.19
73.72
36.76
186.66
92.83
64.49
44.37
42.77
59.98
94.59
64.3
89.37
50.36
39.86
49.19
42.65
54.2
37.23
55.53
42.78
42.84
134.03
112.07
66.61
32.93
80.43
52.08
27.76
116.43
152.29
38.54
36.12
51.87
77.43
46.61
219.25
107.12
79.94
82.34
95.63
56.24
33.17
10.88
27.64
34.21
175.5
13.29
22.82
44.05
61.33
85.33
95.16
19.09
28.11
41.24
11.1
74.87
67.67
49.73
56.69
74.06
62.27
128.85
64.58
20.86
26.19
68.78
44.91
73.42
84.9
50.36
47.47
77.76
7.04
32.17
41.56
99.07
168.67
66.15
38.81
31.32
68.03
115.34
102.13
95.94
75.46
79.6
55.38
75.18
139.19
5.79
92.85
88.28
121.27
110.81
100.6
68.69
96.26
40.4
8.92
58.98
77.26
91.61
53.7
15.82
47.4
52.79
48.74
150.35
93.33
74.94
58.4
100.36
61.65
104.21
103.03
15.35
17.53
45.21
29.7
100.19
65.69
93.85
44.53
72.37
58.61
45.55
38.01
145.5
94.84
64.75
122.52
17.36
21.88
54.98
32.85
60.46
34.15
50.16
50.08
44.16
103.38
20.72
111.72
176.36
71.83
33.1
40.98
58.58
44.87
79.38
104.63
92
168.75
34.24
49.6
116.97
77.8
123.92
74.98
12.02
10.51
90.88
55.54
51.02
75.15
95.02
57.46
64.09
27.61
108.39
23.82
27.16
158.54
90.71
92.59
102.84
140.42
53.4
49.2
137.68
42.84
44.09
85.01
118.11
91.95
50.83
77.81
65.02
50.68
142.23
55.37
140.25
69.55
61.62
167.36
132.23
54.64
123.53
44.81
93.11
44.31
29.88
102.77
73.71
172.43
71.88
51.59
83.82
41.29
100.12
28.34
66.35
14.49
110.57
58.97
34.18
47.7
119.63
65.31
17.36
70.52
77.09
223.32
89.37
96.06
