0.84
1.78
4.51
5
4.79
5
5
0.48
1.2
5
5
2.1
0.29
5
0.69
2.26
1.74
2.14
0.45
3.09
5
2.18
0.63
3.77
2.44
1.08
2.03
5
1.29
1.22
5
0.84
5
5
3.27
0.47
0.78
3
3.45
0.71
2.48
3.56
1.52
2.18
1.45
2.23
0.77
2.27
5.40E-79
5
3.53
3.81
1
1.79
4.25
5
1.93
1.82
2.02
0.61
5
0.03
3.81
0.65
1.43
0.87
0.86
5
5
0.87
2.73
5
1.02
5
4.45
5
3.09
1.61
0.78
4.51
3.61
3.18
2.74
4.19
3.81
1.44
5.40E-79
5
2
5
3.07
4.35
1.89
1.02
3.03
2.18
3.31
5
3.05
1.34
2.59
1.28
3.18
5.40E-79
2.19
5
1.47
2.52
1.22
5
0.64
1.63
5
1.27
0.06
0.64
1.75
4.61
4.77
4.71
4.17
2.08
0.04
1.08
4.67
5
3.07
3.08
5
5
1
1.29
4.67
0.87
0.55
5
5
2.58
1.33
2.25
1.32
2.22
3.22
1.54
3.2
5
2.03
5
5
1.4
4.45
5
3.03
2.53
1.89
1.2
1.25
1.65
1.43
1.13
1.03
0.67
5
1.63
0.28
1.33
1.14
3.81
2.18
5
1.28
4.26
1.21
1.04
4.67
5
1.21
5
2.31
2.26
1.65
2.58
2.03
2.13
0.86
0.21
0.19
3.82
5
5
5
5
5
5
0.44
3.22
5
0.34
0.97
0.76
5.40E-79
1.06
1.37
0.83
3.33
5
5
0.56
0.51
1.42
0.89
5
2.3
1.74
0.73
0.17
4.25
5
4.04
1.37
5
4.11
3.45
1.02
5
5
1.43
2.78
1.03
5
1.04
0.64
2.15
3.07
1.68
5
0.86
4.04
0.77
2.15
1.2
1.61
2.58
3.18
1.61
5
1.27
5
3.4
0.26
0.35
1.63
2.19
1.05
3
4.25
5
0.89
0.13
0.86
0.86
2.86
5
0.67
1.78
2.29
1.27
5
3.28
2.69
0.56
2.19
1.15
5
0.81
5
3.92
0.49
5
1.29
0.43
2.02
5
1.39
2.57
1.18
3.79
2.14
0.58
3.17
0.82
1.67
0.38
1.77
1.12
5
0.5
0.64
1.52
2.9
1.38
1.27
2.26
0.76
1.29
3.92
0.57
1.5
1.22
3.58
3.54
3.03
1.64
5.40E-79
5
1.92
5
3.79
0.57
0.97
1.42
0.77
2.27
0.85
2.43
0.76
5
3.4
1.43
0.3
2.53
5
1.54
1.23
0.85
0.5
5
3.81
1.48
5
1.27
3.22
0.07
1.04
0.79
5
0.86
3.48
0.03
0.89
5
1.53
5
2.82
0.77
5
5
1.63
1.16
1.74
5.40E-79
0.86
3.07
2.44
1.13
1.61
5
5
4.53
3.22
1.91
1.04
4.77
0.98
1.93
3.17
1.68
0.51
0.74
0.84
0.61
0.46
5
0.86
1.03
3.93
1.03
4.19
1.54
2.86
1.31
3.17
3.74
2.51
1.13
5
0.81
3
5
1.72
5
5
1.84
0.83
1.05
0.91
4.83
0.87
1.21
3.63
2.73
3.2
0.73
4.04
1.93
2.52
1.09
5
5
5
3.14
3.87
2.97
5
5
0.66
0.86
4.13
2.31
2.52
2.9
5.40E-79
0.77
1.61
2.53
1.86
3.28
4.19
0.83
3.87
2.58
3.58
1.09
2.27
1.74
5
0.86
0.64
1.2
5
1.75
1.61
0.35
5
1.81
2.09
2.16
1.77
0.86
0.45
3.84
3.05
4.48
0.54
3.14
3.31
3.82
0.71
3.69
3.56
1.1
5
0.78
5
1.12
5.40E-79
5
3.77
4.61
0.13
1.42
1.01
1.11
1.89
3.33
1.29
3.09
5
5
2.3
2.12
1.22
0.51
1.07
0.84
5
5
1.27
5
5
2.23
0.67
0.03
5
0.54
3.95
1.27
0.63
1.29
0.65
1.15
1.93
0.77
5
2.94
0.08
4.88
0.56
1.61
0.54
3.58
5
0.85
0.95
0.56
1.2
0.54
3.54
1.23
1.52
0.96
3.84
2.86
5
1.39
1.38
0.48
1.01
0.93
0.99
0.83
2.82
3.43
1.27
1.53
3.22
1.06
5
5
0.84
5
5
3.87
3.5
0.97
3.18
1.26
0.31
5
1
1.01
4.38
3.81
5
4.77
1.11
4.77
1.26
3.81
0.7
1.52
0.95
0.54
0.54
5
5
0.97
1.29
1.59
1.71
4.61
1.57
1.29
0.97
3.93
0.87
1.27
2.27
0.85
2.36
5
0.7
0.61
1.92
0.86
2.89
5
0.78
0.97
5
1.05
5
0.8
1.03
5
2.58
3.58
4.05
1.14
1.91
0.28
4.13
5
1.68
3.37
5
3.6
1.58
2.25
2.23
0.72
0.87
1.64
1.06
0.45
1.27
0.43
3.05
0.26
5
1.81
1.27
2.94
5
1.94
1.16
5
4.67
4.28
0.69
1
0.47
0.73
0.51
0.76
3.14
5
5
1.25
5
5
0.24
5
5
0.84
5
0.48
1.16
2.36
1.65
5
1.59
2.36
0.41
1.2
1.09
5
1.7
5
4.19
5
5
0.97
1.79
5
0.64
0.31
2.12
0.69
4.45
5
0.87
1.91
1.74
0.95
0.72
5
1.11
1.25
1.04
1.27
4.35
1.42
2.14
2.59
3.38
2.94
4.86
4.3
5
1.5
2.14
3.23
2.66
0.16
4.25
0.8
2.18
3.02
0.51
0.87
5
1.02
0.82
3.53
5
5
4.61
2.15
0.73
1.28
1.15
2.4
0.62
5
1.61
0.7
0.56
0.72
1.27
3.09
3.87
5
1.03
4.77
0.88
1.77
1.02
0.92
3.09
4.3
0.62
2.9
1.71
0.07
3.22
1.07
0.93
2.63
5
5
5
3.05
5
5
1.46
0.93
1.27
5
3.58
0.51
5
1.31
2.82
3.09
0.87
0.7
1.29
4.55
2.3
5
0.42
3.86
5
4.45
1.74
2.23
2.05
0.84
4.25
1.03
3.3
5
5
0.51
5
3.63
2.61
5
2.87
0.63
5
0.47
0.02
0.09
5
5
1.04
4.84
5
3.1
5
4.71
3.22
1.59
3.22
2.6
1.07
5
0.78
3.48
1.44
0.71
5
4.55
1.45
5
1.49
3.33
0.23
5
2.61
1.57
5
2.09
4.19
4.04
1.14
0.12
1.44
0.51
0.25
2.14
5
5
1.91
2.57
1.05
2.78
1
1.71
0.52
1.23
0.73
3.46
1.42
0.1
0.35
1.27
3.22
5
1.2
0.94
0.32
0.73
2.44
5
1.08
3.35
1.31
2.8
3.4
0.81
1.02
1.06
0.54
1.56
5
1.21
0.12
2.13
3.45
1
4.2
0.29
1.91
3.18
1.03
1.07
0.85
1.47
5
1.02
1.89
4.67
1.63
3.82
3.69
0.54
1.03
5
2.35
1.99
4.48
1.34
5
5
5
0.87
1.89
1.02
2.05
2.78
5
1.08
3
5
1.06
4.35
5
5
1.23
0.57
4.69
1.89
4.77
0.36
0.41
3.45
1.91
3.77
5
2.57
3.48
5
5
1.38
5
1.59
1.08
3.84
4.04
1.29
0.91
2.52
4.51
5
4.35
1.4
5
2.69
0.86
5
1.61
1.14
5
4.2
1.07
5
4.35
3.89
3.1
0.86
1.01
2.69
4.26
5
0.04
4.13
1.91
2.82
3.58
0.8
0.19
2.36
1
3.58
0.86
1.26
5
3.48
0.91
5
0.72
5
5
0.82
5
0.74
4.35
0.52
4.25
3.14
0.65
2.18
4.72
4.19
1.34
3.03
0.9
0.8
2.9
1.79
5
1.08
3.5
1.72
0.56
1.36
1.03
1.57
0.76
1.59
1.61
3.14
3.18
3.5
1.22
5
0.27
0.84
4.96
2.26
1.57
2.51
5
5
1.58
0.87
0.18
1.47
0.05
5
3.87
2.06
5
0.95
5
1.31
4.53
0.69
4.16
1.42
0.76
4.45
1.27
2.3
0.86
1.26
5
0.97
4.35
0.34
5
3.18
1.44
1.06
0.48
2.87
5
3.55
0.39
5
0.63
5
3.18
1.11
1.01
3.48
3.5
2.52
0.19
1.92
4.3
0.3
1.06
1.38
0.54
1.07
0.64
5
0.71
0.86
4.09
0.47
5
1.93
3.5
5
5
1.54
0.7
1.46
1.63
0.86
2.93
0.69
0.61
0.68
2.19
1.48
2.97
0.26
1.31
1.82
3.08
0.72
5
5
0.61
5
5
4.26
1.17
2.94
4.48
1.29
1.53
1.27
1.71
5
2.42
4.19
2.94
2.14
5
5
2.87
1.68
1.29
4.61
1.52
0.95
1.34
3.27
0.04
1.81
1.81
5
2.94
5
3.37
1.31
1.68
2.05
4.55
5
5
2.27
5
1.16
5
2.54
2.56
5
5
2.53
2.3
1.47
4.77
3.55
1.89
2.18
3.48
0.72
2.43
1.03
1.5
5
0.71
5
5
2.2
1.81
2.4
3.14
3.79
0.84
2
2.12
1.43
0.71
1.27
4.77
1.39
1.74
0.61
1.51
4.28
3.07
1.98
0.89
5
4.77
3.87
2.36
0.6
5
0.77
5
3.48
5.40E-79
0.61
5
5
3.56
1.72
2.18
1.27
3
0.87
2.36
5
5
5
5
2.53
1.26
5
1.2
5
3.81
0.93
5
3.46
1.54
1.97
1.71
2.38
5
0.91
0.77
2.1
1.34
1.29
3.92
1.22
5
1.37
5
0.03
0.77
5
1.34
1.23
0.82
2.52
5
3.1
1.52
0.06
1.01
5
5
5
1.42
3.4
2.23
1.71
0.04
1.42
1.71
3.48
3.07
1.51
1.04
1.52
2.02
1.14
4.45
5
1.43
5
2.82
4.25
5
0.64
5
3.2
2.12
0.97
0.54
5
4.35
5
4.67
4.16
5
5
5
0.09
5
5
0.07
4.64
2.25
0.73
3.63
2.12
0.5
5
2.19
1.95
0.75
1.31
0.46
5
5.40E-79
5
4.1
1.21
2.43
5
1.74
0.76
0.86
5
0.76
1.91
3.33
0.78
0.57
3.92
2.69
5
0.64
2.19
1.46
1.61
1.2
0.72
2.9
5
3.64
2.35
5
4.61
0.02
1.27
1.51
2.02
3.89
0.87
1.03
1.45
0.42
0.17
1.33
3.67
2.15
4.16
5
2.34
3.54
3.82
0.42
5
5
4.13
0.73
1.06
1.16
2.82
0.47
3.43
4.71
3.39
1.13
4.87
1.93
0.82
3.58
1.48
0.5
5
1.89
3
2.53
5
2.04
5
3.79
0.97
0.78
1.11
0.61
4.72
1.31
0.35
2.57
1.56
0.77
3.31
5
5
5
4.19
5
1.03
3.63
2.12
5
4.67
1.21
2.31
0.76
0.7
3.81
0.52
0.44
0.17
2.61
2.25
1.74
1.19
0.54
3.07
0.65
0.17
3.57
0.65
4.04
2
1.51
3.58
1.27
0.65
1.77
0.32
0.64
2.51
0.56
3.84
1.2
0.7
1.11
1.89
1.08
3.84
0.42
0.26
5
0.95
0.33
0.59
1.1
0.8
1
0.8
5
4.28
5
4.13
2.44
3.22
1.16
4.84
2.61
0.89
1.93
0.56
5
4.45
0.29
4.9
2.18
3.08
0.7
5
0.75
1.29
0.47
3.26
2
0.89
4.45
1.19
4.07
1.61
0.56
2.56
4.06
3.17
2.79
1.68
1.11
1.07
0.73
2.33
4.45
1.31
5
1.06
0.3
5
1.26
1.71
0.44
0.04
1.16
3.81
0.92
1.03
4.13
4.3
1.32
1.91
1.24
2.84
1.11
5
5
3.87
1.93
0.68
0.71
2.77
0.85
1.91
5
0.64
0.51
1.97
0.74
3.84
3.22
0.47
5
3.48
4.64
0.8
4.84
4.04
0.63
5
5
1.02
2.57
2.39
5
0.82
3.79
1.11
4.28
5
0.73
2.2
0.89
2.55
0.03
2.58
0.7
1.1
5
0.5
4.25
5
5
1.81
5
0.96
1.05
1.28
1.48
5
1.04
3.79
0.71
1.54
4.64
5
1.25
5
0.76
1.82
3.05
0.08
0.87
2.52
3.37
4.53
1.14
5
0.7
2.02
1.03
0.7
5
0.67
5
5
1.68
2.61
3.96
0.51
5
0.67
5
1.25
1.67
4.84
3.31
2.1
3.05
3.05
3.5
1.37
1.4
1.56
0.8
0.26
2.06
0.6
1.28
0.52
1.35
0.05
1.59
5
0.67
1.93
5.40E-79
1.79
5
5
1.21
3.58
2.26
3.18
0.61
5
5
5
1.54
4.19
1.11
5
0.69
1.2
3.33
2.13
5
3.1
0.15
1.77
5
3.38
0.73
3.14
1.02
5
1.13
2.1
1.92
0.64
0.39
3.05
2.12
3.22
1.81
0.84
4.84
0.29
3.18
3.22
5
0.74
1.03
0.95
3.58
0.44
1.11
1.93
1.13
4.35
0.86
5
0.54
0.64
5
0.95
1.4
0.51
5
5
1.26
3.33
3
5
2
5
2.57
0.81
3.81
2.05
3.6
4.84
2.14
5
4.4
2.02
3.87
5
2.27
0.7
2.96
2.31
0.87
1.88
5
1.01
0.3
2.56
5.40E-79
1.21
1.01
5
1.23
4.61
0.9
0.31
5
0.52
5
0.95
2.06
3.63
3.05
3.55
2.96
1.93
1.04
0.61
0.85
4.35
1.75
5
1.54
1.72
3.09
0.84
5
5
5
0.84
3.81
1.65
5
5
1.74
1.56
1.42
5
0.47
5
5
1.88
5
1.04
5
0.86
5
1.54
1.78
0.69
5
5
5
3.92
5
1.56
2.82
1.36
1.81
2.18
0.85
5
2.94
2.15
0.29
0.52
1.29
5
1.31
2.12
3.31
2.69
0.98
1.06
2.23
3.17
2.58
0.63
0.73
5
1.04
2.23
1.77
3.03
1.05
0.71
0.9
3.43
5
3.79
2.06
0.59
2.82
5
2.27
4.11
3.81
5
0.87
0.77
3.66
3.33
4.61
2.1
1.23
1.16
0.82
1.34
5
3.81
1.44
2.58
5
2.9
1.91
0.07
5
3.33
1.11
0.86
3.43
1.07
0.61
2.63
3.6
1.23
1.07
1.68
0.31
1.58
5
0.5
2.32
1.47
5
1.03
1.25
0.51
0.57
4.28
3.35
1.59
2.02
2.1
4.77
1.29
1.14
5
3.83
0.78
0.72
1.43
0.71
2.1
1.45
0.85
0.57
1.89
5
3.35
0.81
0.77
1.39
5
1.27
0.87
0.34
1.28
1.54
4.3
3.28
4.82
5
2.42
2.61
2.23
2.31
0.13
0.17
1.25
4.63
2.49
1.43
1.57
0.64
2.61
2.12
1.03
5
2.57
1.2
3.09
0.72
2.42
4.07
3.22
0.98
4.9
5
5
3.93
0.42
4.84
0.92
1.31
0.39
2.94
2.14
4.07
2.74
2.67
0.26
0.83
4.16
5
3.22
1.54
1.38
3.03
2.23
1.02
0.87
5
0.57
2.18
3.09
5
4.48
1.11
5
2.57
0.69
2.76
5
3.26
5
1.97
5
5
5
2.63
1.46
0.9
0.59
2.26
1.59
3.17
0.86
1.5
2.58
5
3.12
1.95
2.26
5
1.22
3.07
5.40E-79
2.94
2.54
1.93
0.9
5
5
1.53
1
1.36
1.78
2.03
3.68
1.02
1.22
0.5
1.27
1.14
0.71
1.62
5
0.84
2.16
1.75
0.69
3.56
0.72
3.54
5
5
1.28
2.14
2.44
1.99
1.74
0.72
0.73
2.12
3.09
1.71
3.08
0.04
2.63
1.21
5
3.94
1.33
4.05
2.87
2.9
5
5
5
0.96
0.88
0.16
3.22
3.74
2.53
1.26
1.88
5
2.83
5
0.01
2.73
3.18
2.45
0.86
2.44
1.91
4.88
2.23
2.02
5
5
5
0.99
3.48
3.74
5
5
5
5
1.01
3.14
0.77
2.14
3.18
1
0.72
3.92
1.11
1.26
5
2.39
4.04
0.22
5
2.57
3.18
1.5
0.85
0.57
2.58
1.57
5
5.40E-79
0.61
1.31
1.7
2.33
1.52
1.49
3.75
3.79
3.54
2.44
2.56
1.78
2.31
2.18
4.67
0.56
0.03
0.9
0.93
1.1
3.26
2.14
4.81
2.19
5
2.61
5
0.32
0.5
1.26
2.1
1.14
0.56
5
3.79
5
0.48
1.43
1.93
2.54
2.53
2.58
5
1.02
2.2
1.81
2.19
5
5
5
1.68
3.31
5
3.22
4.28
2.27
4.06
2.97
1.97
2.15
3.43
0.39
5
1.74
0.78
1.23
5
5
5
2.6
0.65
0.55
0.42
3.07
1.55
0.3
1.83
3.48
0.51
2.54
2.16
1.29
0.82
2.06
0.37
2.09
4.82
5
1.13
4.28
5
0.64
3.5
5
1.89
1.18
5
2.38
2.43
4.35
3.93
1.16
2.34
2.39
0.72
1.02
2.26
4.42
3.37
1.31
0.77
1.05
1.16
1.46
1.27
2.29
2.23
0.78
0.31
2.29
0.09
5
2.84
1.81
5
3.03
5
1.08
5
1.04
1.2
0.19
0.58
0.45
1.72
1.93
5
4.77
5
1.27
1.27
1.33
5
0.03
1.27
5
3.93
0.64
2.73
0.01
3.66
0.43
0.86
2.37
1.13
5
0.61
0.77
1.38
0.73
0.74
1.27
0.27
2.9
1.01
2.58
1.24
2.34
3.46
0.56
0.25
1.26
0.84
5
5
0.46
0.6
2.64
1.41
1.11
0.72
3.05
1.48
1.82
5
1.68
5
2.9
3.26
0.51
3.84
5
0.12
5
4.72
5
3.97
3.98
4.51
1.64
2.38
3.45
2.58
1.93
3.09
3.18
0.44
1.24
5
0.12
0.93
0.78
0.95
1.29
1.55
2.42
1.42
0.72
2.27
3.1
0.77
3.63
2.34
5
5
0.84
4.03
1.39
0.67
2.36
1.99
0.28
0.84
1.87
2.73
1.53
4.32
1.93
5
5
1.64
5
3.31
4.16
5
0.12
4.54
4.32
1.01
2.65
4.25
5
5
0.48
1.77
5
1.76
1.47
0.86
4.44
1.55
1
2.12
5
4.84
5
0.04
0.76
5
0.84
1.22
2.43
5
3.79
0.02
2.02
0.76
0.84
0.53
0.69
0.16
2.14
0.51
0.51
5.40E-79
5
2.58
1.22
1.45
3.81
0.31
1.7
2.2
2.67
0.92
4.77
3.22
5
1.18
4.36
5.40E-79
1.37
0.18
1.43
0.86
0.56
1.14
0.86
0.87
4.13
1.51
3.5
5
5
5
5
4.28
5
0.54
1.06
0.11
0.53
4.84
2.82
0.9
4.3
5
5
3.05
2.23
1.16
1.84
0.78
0.87
5
4.16
0.98
5
1.59
5
0.36
0.88
0.72
1.92
5
1.26
0.64
5
0.95
5
4.61
0.48
5
1.79
0.9
2.87
1.89
0.94
1.07
5
1.89
4.12
5
2.03
1.02
1.8
5
5
1.27
1.11
0.64
1.22
4.97
4.25
5
1.64
0.51
1.93
0.73
3.28
0.72
2.02
1.25
5
3.75
5
1.71
5
3.87
0.56
0.96
4.9
0.93
1.29
5
0.06
0.65
1.48
5
4.88
1.27
3.82
4.18
1.11
2.26
1.24
4.53
4.19
3.17
1.29
4.86
0.93
4.28
1.53
5
0.32
1.14
3.07
2.23
1.92
0.61
0.9
2.51
0.65
3.14
2.26
0.64
4.32
2.2
3.45
1.38
5
5
1.56
0.29
1.71
1.34
1.07
5
2.33
1.16
1.19
0.76
1.89
5
4.25
0.87
5
5.40E-79
2.61
0.91
5
1.74
3.81
5
0.17
0.69
3.84
1.27
3.65
1.63
1.65
0.08
5
1.62
0.22
1.38
1.54
3.56
2.36
2.63
5
0.64
5
3.22
5
0.69
1.22
3.22
1.23
1.54
2.61
0.87
1.23
0.73
3.05
4.42
0.61
0.07
1.14
5
1.56
0.75
3.18
3.88
1.37
5
5
5
5
0.77
2.52
0.91
0.9
2.02
1.17
0.73
0.3
1.02
0.63
1.93
1.82
2.32
1.61
3.68
0.06
3.81
1.04
2.02
1.54
4.06
2.18
0.48
0.97
2.1
1.27
5
3.93
0.56
0.66
3.49
1.02
1.91
5
1.93
4.51
0.51
3.03
1.74
5
5
1.07
1.43
0.43
0.82
1.27
2.03
2.18
3.61
5
4.61
2.26
1.97
1.91
1.63
1.97
0.94
4.28
1.26
4.79
3.86
3.87
1.03
3.35
3.61
3.92
4.13
5
3.13
5
2.61
5
1.33
2.63
0.63
1.13
5
1.54
0.87
0.78
2.9
1.93
5
1.04
1.06
1.77
0.57
0.03
2.34
1.03
1.71
4.03
1.7
0.88
1.09
5
2.06
0.43
2.26
5.40E-79
2.61
5
4.19
0.43
5
1.34
5
5
5
1.55
3.35
5
1.79
0.45
1.26
1.43
4.04
1.37
0.49
1.21
3.48
2.94
3.82
0.59
0.18
5
0.48
3.92
3.87
0.83
1.09
0.68
3.82
1.55
0.86
3.79
5
0.67
4.38
1.27
0.42
4.77
2.15
0.67
2.58
4.4
3.81
2.19
1.91
0.91
3.48
1.47
5
2.05
4.93
2.02
5
1.21
1.77
0.69
2.73
5
2.02
3.17
1.44
0.74
1.57
1.61
3.05
4.48
1.91
0.93
0.34
2.9
1.16
0.87
5
1.56
0.29
2.69
2.78
1.23
4.38
1.13
1.62
0.57
0.75
5
4.18
1.47
3.84
5
4.19
5.40E-79
5
5
1.43
1.04
4.19
5
1.18
0.71
1.07
2.31
4.35
4.48
0.26
1.27
5
1.29
0.7
4.19
0.17
0.78
1.03
5
1.31
0.82
5
5
0.87
0.98
5
3.94
0.54
5
2.61
0.75
5.40E-79
2.43
1.13
2.67
3.58
0.63
1.17
5
1.65
3.05
0.57
5
3.94
2.18
3.1
1.81
0.54
3.16
5
5
5
2.96
1.22
0.09
1.2
4.19
4.93
1.2
1.33
0.07
5
1.45
0.95
1.22
0.55
4.84
3.13
5
5
5
2.32
5
1.79
4.06
1.94
5
3.81
2.14
1.68
1.04
5
1.74
5
5
1.71
2.15
1.82
1.54
2.31
2.15
3.17
0.44
5
4.35
0.33
5
0.54
0.76
1.49
0.42
5
1.33
5
5
0.74
1.44
1.71
2.61
3.4
0.32
1.04
0.64
1.61
0.85
2.06
2.47
3.86
2.54
1.93
1.71
0.67
0.59
1.11
0.71
5
1.06
1.35
1.12
5
5
3.05
1.09
1.55
0.69
1.03
4.64
5
5
1.91
0.31
1.21
2.09
2.06
1.04
1.27
4.71
5
5
0.46
0.58
0.73
2.56
0.45
4.4
5
2.12
0.96
5
5
2.31
0.51
1.78
3.13
5
5
5
1.46
1.2
1.03
4.1
1.61
5
0.57
2.58
1.27
0.57
1.71
5
2.63
1.29
4.51
5
1.49
2.12
5
5
1.39
5
2.22
1.71
1.46
1.52
5
0.54
5
0.73
5
1.21
1.23
4.28
3.63
0.35
1.03
0.78
4.19
2.05
5
1.14
4.53
5
0.33
4.84
1.74
0.1
1.26
1.22
0.8
5
0.84
1.02
1.31
1.31
1.47
0.88
5.40E-79
5
1.74
5
4.25
5
1.12
5
1.61
5
4.19
3.64
1.94
2.74
1.56
1.55
2.19
5
5
0.9
3.86
1.08
1.14
5
1.52
1.3
1.03
2.9
4.3
0.87
5
4.61
0.82
2.57
0.35
5
1.3
0.04
5
5
0.7
5
3.31
4.93
3.26
4.92
5
5
3.35
0.68
1.27
3.4
0.71
0.6
1.51
0.77
0.56
2.41
3.38
5
1.7
2.54
0.77
1.01
5.40E-79
3.48
5
1.07
5
4.77
2.18
4.81
0.35
5
5
1.14
1.06
1.93
1.74
5
5
3.26
1.84
0.97
0.9
1.33
0.08
5
5
1.79
5
3.48
5
5
3.35
0.83
0.26
5
1.74
4.58
0.87
2.39
1.03
0.77
4.48
5
4.35
0.54
0.72
2.96
2.86
0.09
3.81
0.35
1.55
4.19
1.16
2.04
2.9
4.03
0.02
5
3.81
1.27
0.64
5
1.57
5
2.11
1.09
1.6
0.86
0.02
1.27
0.94
0.02
1.51
3.34
0.91
3.14
0.94
2.9
3.43
2.04
5
3.18
1.82
5.40E-79
0.89
0.34
1.51
2.78
2.42
4.51
0.61
0.73
1.79
3.96
1.27
1.06
1.52
0.61
2.31
0.36
0.84
1.91
5
3.12
2.23
0.28
3.53
1.13
2.73
3.36
1.97
5
0.91
0.38
5
4.13
2.58
1.68
3.03
1.64
5
2.12
0.47
0.9
4.67
5
3.22
5
4.19
2.14
4.67
3.81
0.99
4.7
0.54
5
2.59
2.56
5
2.68
1.89
2.82
5
2.52
1.85
0.59
1.05
5
5.40E-79
5
0.78
5
1.68
5
2.18
0.66
2.55
1.52
2.53
1.01
1.02
5
1.71
2.14
3.58
3.22
3.18
0.36
5
2.58
1.22
3.63
5
2.13
0.36
4.8
5
1.01
0.99
0.7
5
2.19
4.77
0.92
5
3.03
3.83
1.02
0.88
0.7
3.53
1.45
0.59
5
0.77
1.55
5
4.35
3.07
5
3.82
5
4.13
2.49
5
3.09
0.37
1.52
1.39
0.84
2.87
5
5
1.58
0.48
2.78
2.2
4.64
2.51
1.46
1.03
2.52
0.77
5
2.39
5
1.74
5
2.25
1.4
2.9
5
4.61
0.97
1.91
1.27
2.19
3.09
5
1.05
0.12
1.57
0.81
3.37
3.33
2.19
4.97
1.71
0.72
5
0.65
1.52
0.7
1.97
2.23
1.31
3.87
5
5.40E-79
0.86
0.84
4.19
3.48
2.15
2.48
1.29
5
5
0.12
5
5
1.53
3.92
4.1
4.4
1.27
2.13
1.04
0.88
1.52
5
3.66
1.79
1
3.74
5
0.52
0.69
3.93
3.33
5
1.33
1.43
0.35
1.79
0.67
3.07
0.7
2.15
3.96
4.19
5
5
0.63
0.63
0.67
1.91
0.92
3.22
2.05
1.23
3.54
1.94
5
5
1.52
0.91
3.6
3.87
0.81
0.93
0.83
5
1.2
5
5
5
1.42
2.03
3.61
1.57
0.85
5
3.44
1
3.03
1.02
5
0.42
1.11
1.8
3.22
5
0.52
5
4.28
1.07
2.39
4.19
0.2
3.09
3.22
2.46
2.83
5
5
5
3.13
3.43
4.61
1.43
5
3.56
3.58
0.86
1.29
0.29
4.51
0.51
1
2.87
1.03
0.85
1.06
5
0.86
4.84
5
0.45
5
0.36
2.23
1.59
2.53
1.86
0.17
5
0.28
0.21
0.61
5
5
0.98
3.4
0.84
1.27
1.38
3.69
0.9
2.33
5
2.26
1.77
4.51
1.67
2.4
3.43
1.28
0.84
3.48
0.59
5
1.03
4.35
5
0.86
1.81
2.2
1.29
0.83
0.83
2.69
5
1.91
0.35
1.46
1.27
0.82
0.78
1.02
2.22
1.04
0.86
0.86
2.63
2.52
1.33
5
2.53
2.12
0.56
5
1.47
1.38
5
0.76
2.67
1.27
3.17
3.17
1.28
1.2
4.61
4.35
4.28
0.84
3.43
4.48
2.26
2.46
1.43
0.63
0.96
4.3
2.09
0.54
3
5
3.79
1.53
5
1.5
3.03
1.43
3
4.45
3.44
1.97
1
2.02
0.51
0.8
1.06
0.95
2.34
0.88
1.08
4.13
0.26
0.67
1.54
0.87
1.57
1.64
3.18
0.92
0.71
1.22
0.68
1.2
0.92
5
1.24
1.29
3
3.14
1.13
0.89
0.47
5
5
5
5
5
0.69
4.64
1.32
1.47
5
5
0.54
2.57
3.3
1.46
1.56
0.35
5
2.42
1.97
2.06
0.87
5
0.38
5
3.09
5
3
1.43
0.73
2.58
0.38
4.3
1.26
2.12
0.58
3.94
0.02
5
0.82
2.31
0.44
4.72
0.47
5
3.58
0.82
5
4.99
2.69
5
5.40E-79
5
0.65
1.36
5
1.58
5
3.1
5
0.92
5
0.84
5
3.17
1.47
5
1.56
5
0.02
2.36
0.68
5
2.6
5
5
0.69
5
0.87
3.82
2.63
1.52
1.91
1.47
2.53
5
4.18
0.31
1.09
0.17
1.04
1.46
2.52
2.56
1.7
2.23
1.45
3.45
5
5
2.67
2.74
2.06
1.96
4.84
0.84
1.54
5.40E-79
3
0.73
5
0.17
5
0.38
3.63
5
5
3.55
1.42
4.35
2.32
5
4.25
0.64
1.02
0.82
3.18
5
1.16
1.29
1.21
1.27
5
3.22
1.04
5
0.48
0.43
0.86
1.04
0.86
4.25
1.39
3.84
0.25
1.27
0.49
3.45
2.34
1.65
3.84
1.13
5
4.1
2.26
3.6
1.58
0.76
0.7
0.66
0.56
0.86
4.7
0.98
5
5
0.77
5
1.97
1.11
0.85
1.25
1.7
0.88
1.62
5
2.54
5
4.14
0.54
3.81
3.1
1.46
3.37
1.81
4.45
2.19
5
0.47
2.72
0.85
1.93
1.25
3.13
5.40E-79
1.29
2.36
2.42
1.07
1.06
1.13
0.39
1.08
3.17
5
0.13
0.36
1.61
5
1.77
2.39
5
0.54
1.04
1.38
5
5
3.53
2.87
1.42
4.18
5
3.48
2.1
5
1.28
3.03
1.02
5
1.13
3.43
0.62
3.22
3.51
0.34
1.91
3.17
5
1.04
3.39
1.99
5
1.65
1.1
5
5
4.1
5
0.84
3.86
0.86
1.16
0.18
2.5
4.3
1.25
0.72
1.59
1.25
2.52
3.09
1.74
2.53
3.18
2.67
1.02
3.23
1.91
3.89
3.33
4.67
0.69
4.19
5
0.62
0.31
3.63
5
2.54
5
3.06
2.53
1.54
1.63
1.22
5
1.08
5
0.93
2.82
0.65
2.58
5
1.27
1.31
2.1
2.9
2.05
5
0.77
0.86
1.04
2.53
3.58
3.48
5
3.74
0.58
3.63
2.2
5
1.83
2.18
5
0.57
1.04
2.76
1.06
3.05
1.53
2.18
2.43
0.45
5
1.03
0.83
5
5
2.2
5
0.63
2.83
2.74
2.18
0.84
0.09
0.57
1.24
5
4.25
1
2.65
3.74
0.64
1.07
3.77
0.21
1.06
1.52
0.82
0.35
2.57
1.03
1.33
3.82
1.04
0.84
5.40E-79
0.35
5
1.13
2.27
3.58
1.27
1.83
1.81
1.03
2.82
5
1.83
5
0.36
1.25
1.68
2.22
1.16
1.22
3.79
5
1.52
0.57
0.72
0.78
2.63
0.53
1.65
1.16
1.38
2.73
2.67
0.81
1.24
2.19
0.75
5
3.68
1.79
5
2.52
2.69
1.22
0.84
5
1.46
1.72
2
4.19
3.84
1.21
5
0.64
1.68
4.06
2.67
5
5
0.85
1.05
3.02
2.21
2.4
0.97
0.96
2.53
1.59
4.16
0.57
2.57
1.11
2
3.07
3.92
1.28
4.45
1.16
3.61
3.24
2.01
5
1.91
1.06
4.67
3.58
1.2
1.14
1.25
1.13
5
5
3.33
5
1.06
2.77
1.62
5
1.91
5
3
5
0.97
5
0.66
5
0.29
3.92
0.61
0.97
3.6
1.07
1.45
2.77
3.63
1.08
0.22
1.74
0.75
3.92
4.88
5
3.79
2.15
3.92
0.64
1.34
5
2.53
1.2
5
3.54
2.58
1.61
3.55
1.31
0.03
1.52
4.86
5
1.06
3.34
1.39
1.92
1.04
2.58
1.68
3.4
1.27
5
1.33
1.02
2.76
2.23
5
2.77
1.75
1.03
5
0.72
5
2.33
2.71
3.17
1.25
0.92
1.43
1.84
5
1.22
0.77
0.88
0.67
2.23
0.34
2.89
0.99
3.94
3.14
3.61
1.01
3.63
1.2
0.87
4.84
4.61
5
0.87
0.88
0.89
5
0.35
0.93
2.6
1.71
5
5
0.85
1.02
3.28
0.42
1.52
5
3.81
4.19
0.77
2.63
1.83
2.97
0.66
4.13
5
5
3.18
5
3.57
0.72
0.75
4.93
0.84
5
3.18
0.86
3.13
1.01
2.42
3.81
3.96
1.43
3.84
5
5
5
1.04
3.56
2.53
5
2.9
4.77
1.54
0.33
3.87
0.69
3.22
0.95
5
4.9
5
0.51
1.89
5.40E-79
5.40E-79
3.81
1.02
0.65
1.97
3.4
0.5
2.29
5
5
3.09
5
4.81
0.5
1.21
1.91
1.91
1.91
0.21
5
5
0.5
2.23
1.27
4.25
0.67
0.84
0.9
1.1
2.65
4.13
0.88
1.36
1.61
3.13
5
1.29
1.54
1.11
4.25
5
3.61
5
0.63
1.54
0.94
3.09
2.46
1.19
3.28
1.78
4.35
5
3
5
1.39
2.19
1.07
5
5
3.26
3.87
2.69
0.29
1.91
2.15
1.02
3.87
5
0.92
1.91
1.82
0.51
1.91
3.48
3.35
5
3.61
1.42
3.58
1.7
2.51
4
2.22
2.87
1.33
1.29
4.07
3.82
0.01
3
0.68
3.81
5
3.22
2.73
3.3
5
5
2.94
2.61
1.29
4.84
4.11
1.23
1.28
5
1.89
1.33
0.84
3.63
1.15
5
0.45
1.23
5
4.79
2.12
1.33
2.76
0.33
5
0.58
1.27
0.74
5
1.24
0.51
0.98
0.76
1.19
5
3.28
1.68
1.8
4.16
5
0.63
2.73
5
3.87
3.07
5
0.93
1.24
0.68
1.85
2.65
1.04
1.92
1.42
3.43
5
4.12
2.2
1.97
1.77
5
2.1
2.66
1.08
1.77
3.28
1.37
1.59
0.09
0.82
3.35
1.38
0.34
0.99
1.64
4.86
0.69
1.27
4.1
0.86
2.42
5
3
2.18
5
1.01
5
2.48
0.03
4.67
1.03
0.34
0.35
5
2.32
1.04
1.79
1.27
1.27
1.81
1.13
5
2.19
2.55
1.54
5
1.74
1.81
2.3
0.73
3.87
0.54
4.61
1.46
3.87
3.22
2.87
3.8
3.54
2.12
4.77
5
2.85
3.49
5
0.65
2.11
3.45
0.39
0.25
2.05
0.68
2.23
5
2.74
3.09
5
1.04
0.84
5
5
1.14
0.93
0.76
3.35
4.19
2.61
1.02
0.72
2.52
5
5
1.61
2.18
1.29
5
2.85
3.18
1.36
4.77
3.82
5
0.88
5
2.3
2.57
2.25
1.46
0.95
1.2
1.01
4.13
5
1.29
4.88
5
1.54
1.72
5
5
1.91
0.83
0.76
2.26
3.5
4.35
3.28
5
2.73
0.86
2.82
0.61
1.47
1.91
1.2
0.77
2.42
3.28
1.51
0.78
1.22
1.62
1.27
2.55
2.68
0.25
5
4.19
1.29
0.47
1.27
1.13
1.71
5
5
3.43
0.7
0.04
5
3.18
3.95
1.54
5
0.74
3.24
5
0.93
1.64
0.34
0.88
4
5
1.91
5
3.89
2.58
0.18
1.16
5
5
1.29
3.54
3.22
4.19
1.16
4.51
5
1.2
1.15
5
2.15
1.46
5
0.35
3.18
3.58
1.53
2.79
4.3
4.19
2.23
5
1.03
3.67
4.06
1.05
3.48
4.19
5
1.52
3.48
5
2.74
0.61
1.12
1.08
2.9
2.54
5
1.04
1.18
0.94
2.58
1.2
1.4
0.3
0.35
0.54
1.47
0.69
1.62
1.04
3.26
1.74
0.78
0.9
2.71
1.29
2.05
5
1.38
0.17
1.74
1.77
0.57
0.29
1.27
2.31
0.02
1.42
4.3
5
3.17
1.23
5
5
0.32
3.5
0.9
1.27
2.56
5
1.06
2.02
5
1.15
5
2.27
2.05
3.18
1.26
0.95
5
1.02
1.16
1.18
0.02
1.2
2.02
0.72
4.55
1.65
5
1.71
2.05
2.02
0.69
3.05
1.29
0.91
5
5
5
0.92
1.47
1.04
2.91
1.24
4.51
2.42
1.93
2.53
1.88
1.58
1.27
3.31
0.82
1.61
0.84
4.51
3.6
5
1.82
2.27
5
5
5
5
1.59
2.14
0.45
0.21
1.29
3.35
1.52
3.86
1.31
1.06
5
4.28
0.48
4.35
1.07
0.35
0.64
2.57
3.76
3.17
1.3
1.52
2.3
5
5
3.5
1.52
5
0.73
0.72
1.27
1.21
5
2.27
0.68
2.42
0.94
5
2.42
0.09
4.45
4.1
0.76
0.68
0.87
2.23
1.02
3.28
1.33
5
5
3.18
5
0.86
2.86
1.46
0.92
5
2.55
0.37
1.13
1.91
0.87
1.77
1.37
5
2.43
1.23
0.84
0.72
2.9
2.44
2.19
5
0.7
5
3.4
0.65
1.47
5
4.25
0.49
5
0.77
3.54
1.92
5
0.69
2.66
0.63
5
4.84
2.09
3.28
2.96
0.2
1.39
1.52
0.29
3.82
0.75
3.84
2.32
2.18
1.43
1.46
5
5
0.63
5
1.93
5
0.63
5
1.49
3.26
0.26
0.46
0.89
0.92
4.51
2.9
1.22
5
3.03
5
0.1
5
0.73
5
1.43
0.9
1.4
3.22
0.85
0.26
5
0.64
1.28
3.63
1.58
0.8
0.1
0.33
4.19
3
0.73
1.9
1.29
0.92
3.94
2.1
1.28
0.9
5
1.13
0.96
1.2
0.64
2.9
1.33
3.33
3.48
0.97
3.1
1.27
2.16
0.86
5
3.11
2.82
2.17
5
1.55
1.27
1.54
0.36
4.14
5
3.4
5
1.3
3.05
1.57
0.72
5
2.27
1.64
5
5
4.13
1.35
0.04
4.1
2.18
2.51
1.09
1.77
5
2.52
5
5
1.81
4.35
2.12
1.65
1.13
2.15
1.19
4.44
2.56
5
5
2.53
5
1.21
2.05
1.14
1.37
5
0.76
0.97
4.16
3.44
0.77
0.7
3.81
0.54
5
1.25
5
1.74
3.44
2.27
4.88
1.02
0.65
5
1.71
1.28
0.7
5
2.05
2.4
0.2
2.02
5
2.74
1.99
0.52
5
1.02
2.51
2.26
1.93
5
5
5
4.19
0.92
1.01
5.40E-79
1.83
1.05
0.94
1.2
1.31
0.77
5.40E-79
2.22
2.82
4.61
3.84
1.6
2.54
0.76
1.1
3.03
1.27
5
1.36
1.94
5
3.4
3.26
2.19
5
1.67
1.02
2.79
1.71
2.69
0.87
2.27
5
2.15
2.04
1.22
5
3.48
5
0.33
2.58
1.15
2.56
0.96
0.81
0.5
4.5
1.65
3.6
5
2.3
4.93
2.14
0.67
5
3.87
3.5
3.05
4.04
5
5
4.61
5
0.47
2.18
4.25
1.63
5
3.07
5
5
4.3
1.11
1.7
0.57
3.37
2.53
4.25
5
3
1.74
2.11
1.72
2.83
5
1.72
2.58
0.98
3.33
0.97
5
1.79
3.93
4.19
5
3.92
1.09
4.28
0.02
1.93
0.59
1.72
0.97
0.04
0.84
0.64
2.02
5.40E-79
3.92
5
5
0.73
5
1.22
0.62
0.99
0.63
5
5
3.83
1.22
4.1
1.28
0.88
1.22
5
2.36
0.83
0.73
0.74
5
5
5
1.78
2.32
0.94
5
0.95
1.16
1.12
2.42
0.87
1.81
0.7
3.22
4.06
0.51
3.43
1.77
1.06
0.03
5
5
3.86
1.26
2.55
5
1.22
5
2.27
0.86
0.35
1.07
2.54
1.4
5
3.87
1.16
1.27
0.13
3.22
1.09
0.51
1.53
5
2.05
3.37
3
0.72
5
2.51
0.98
1.52
2.67
1.17
0.61
0.7
1.56
2.54
0.55
3.05
1.27
1.27
5
1.57
4.77
5
2.71
5
0.96
3.84
1.89
5
2.32
0.92
1.27
1.25
5
1.53
3.46
2.12
5
5
3.33
0.58
1.09
1.31
5
0.35
4.61
1.37
5
3.54
1.29
2.42
3.61
4.77
1.21
2.38
0.88
0.68
0.69
2.61
3.09
1.11
0.54
1.36
1.54
5
5
0.76
1.74
5
2
5
3.14
1.81
1.59
1.54
3.57
5
0.88
1.54
1.42
3.24
3.43
3.07
0.43
0.21
2.1
0.58
1.2
5
0.83
5.40E-79
2.29
0.82
1.14
0.97
5
0.3
3.57
5
2.36
5
0.18
1.78
0.51
1.52
5
2.56
1.52
1.61
3.79
1.23
0.97
1.36
0.71
5
0.98
3.87
5
4.51
1.58
1.26
4.04
3
4.07
0.69
1.05
1.25
0.77
0.89
1.37
1.29
1.29
5
5
5
1.02
3.87
3.37
3.58
1.47
0.61
1.35
2.12
2.78
1.7
1.02
0.31
0.65
4.79
0.35
1.16
1.2
0.77
0.87
1.21
4.84
3.87
5
1.14
2.06
2.06
1.04
5
2.58
5
2.27
2.94
5
4.19
5
5
1.67
1.91
0.65
2.65
2.9
0.7
5
0.95
1.89
2.25
5
3.92
3.43
0.63
0.77
5.40E-79
2.19
4.28
5
0.64
5
5
2.39
1.13
0.86
1.02
3.97
4.25
2.26
0.51
4.19
1.94
5
0.84
5
2.27
2.68
1.27
3.9
1.08
3.22
3.18
4.3
1.29
3.57
0.58
2.09
3.63
1.08
2.04
1.27
0.94
0.7
2.9
5
3.53
3.09
3.81
3.66
